// Job-specific Values Database
//
// Structure of Database:
// JobID,Weight,HPFactor,HPMultiplicator,SPFactor,Unarmed,Dagger,1HSword,2HSword,1HSpear,2HSpear,1HAxe,2HAxe,1HMace,2HMace(unused),Rod,Bow,Knuckle,Instrument,Whip,Book,Katar,Revolver,Rifle,Gatling Gun,Shotgun,Grenade Launcher,Fuuma Shuriken,2HStaff,Shield
//
// Novice
0,		1000,1    ,3000  ,100  ,1000  ,1000 ,1000 ,1000 ,1000 ,1000 ,1000 ,1000 ,1000 ,1000 ,1000 ,1000 ,1000 ,1000 ,1000 ,1000 ,1000 ,1000 ,1000 ,1000 ,1000 ,1000 ,1000 ,1000 ,1000 
// Swordman
1,		1000,1    ,3000  ,100  ,1000  ,1000 ,1000 ,1000 ,1000 ,1000 ,1000 ,1000 ,1000 ,1000 ,1000 ,1000 ,1000 ,1000 ,1000 ,1000 ,1000 ,1000 ,1000 ,1000 ,1000 ,1000 ,1000 ,1000 ,1000 
// Magician
2,		1000,1    ,3000  ,100  ,1000  ,1000 ,1000 ,1000 ,1000 ,1000 ,1000 ,1000 ,1000 ,1000 ,1000 ,1000 ,1000 ,1000 ,1000 ,1000 ,1000 ,1000 ,1000 ,1000 ,1000 ,1000 ,1000 ,1000 ,1000 
// Archer
3,		1000,1    ,3000  ,100  ,1000  ,1000 ,1000 ,1000 ,1000 ,1000 ,1000 ,1000 ,1000 ,1000 ,1000 ,1000 ,1000 ,1000 ,1000 ,1000 ,1000 ,1000 ,1000 ,1000 ,1000 ,1000 ,1000 ,1000 ,1000 
// Acolyte
4,		1000,1    ,3000  ,100  ,1000  ,1000 ,1000 ,1000 ,1000 ,1000 ,1000 ,1000 ,1000 ,1000 ,1000 ,1000 ,1000 ,1000 ,1000 ,1000 ,1000 ,1000 ,1000 ,1000 ,1000 ,1000 ,1000 ,1000 ,1000 
// Merchant
5,		1000,1    ,3000  ,100  ,1000  ,1000 ,1000 ,1000 ,1000 ,1000 ,1000 ,1000 ,1000 ,1000 ,1000 ,1000 ,1000 ,1000 ,1000 ,1000 ,1000 ,1000 ,1000 ,1000 ,1000 ,1000 ,1000 ,1000 ,1000 
// Thief
6,		1000,1    ,3000  ,100  ,1000  ,1000 ,1000 ,1000 ,1000 ,1000 ,1000 ,1000 ,1000 ,1000 ,1000 ,1000 ,1000 ,1000 ,1000 ,1000 ,1000 ,1000 ,1000 ,1000 ,1000 ,1000 ,1000 ,1000 ,1000 
// Knight
7,		1000,1    ,3000  ,100  ,1000  ,1000 ,1000 ,1000 ,1000 ,1000 ,1000 ,1000 ,1000 ,1000 ,1000 ,1000 ,1000 ,1000 ,1000 ,1000 ,1000 ,1000 ,1000 ,1000 ,1000 ,1000 ,1000 ,1000 ,1000 
// Priest
8,		1000,1    ,3000  ,100  ,1000  ,1000 ,1000 ,1000 ,1000 ,1000 ,1000 ,1000 ,1000 ,1000 ,1000 ,1000 ,1000 ,1000 ,1000 ,1000 ,1000 ,1000 ,1000 ,1000 ,1000 ,1000 ,1000 ,1000 ,1000 
// Wizard
9,		1000,1    ,3000  ,100  ,1000  ,1000 ,1000 ,1000 ,1000 ,1000 ,1000 ,1000 ,1000 ,1000 ,1000 ,1000 ,1000 ,1000 ,1000 ,1000 ,1000 ,1000 ,1000 ,1000 ,1000 ,1000 ,1000 ,1000 ,1000 
// Blacksmith
10,		1000,1    ,3000  ,100  ,1000  ,1000 ,1000 ,1000 ,1000 ,1000 ,1000 ,1000 ,1000 ,1000 ,1000 ,1000 ,1000 ,1000 ,1000 ,1000 ,1000 ,1000 ,1000 ,1000 ,1000 ,1000 ,1000 ,1000 ,1000 
// Hunter
11,		1000,1    ,3000  ,100  ,1000  ,1000 ,1000 ,1000 ,1000 ,1000 ,1000 ,1000 ,1000 ,1000 ,1000 ,1000 ,1000 ,1000 ,1000 ,1000 ,1000 ,1000 ,1000 ,1000 ,1000 ,1000 ,1000 ,1000 ,1000 
// Assassin
12,		1000,1    ,3000  ,100  ,1000  ,1000 ,1000 ,1000 ,1000 ,1000 ,1000 ,1000 ,1000 ,1000 ,1000 ,1000 ,1000 ,1000 ,1000 ,1000 ,1000 ,1000 ,1000 ,1000 ,1000 ,1000 ,1000 ,1000 ,1000 
// Knight (Peco)
13,		1000,1    ,3000  ,100  ,1000  ,1000 ,1000 ,1000 ,1000 ,1000 ,1000 ,1000 ,1000 ,1000 ,1000 ,1000 ,1000 ,1000 ,1000 ,1000 ,1000 ,1000 ,1000 ,1000 ,1000 ,1000 ,1000 ,1000 ,1000 
// Crusader
14,		1000,1    ,3000  ,100  ,1000  ,1000 ,1000 ,1000 ,1000 ,1000 ,1000 ,1000 ,1000 ,1000 ,1000 ,1000 ,1000 ,1000 ,1000 ,1000 ,1000 ,1000 ,1000 ,1000 ,1000 ,1000 ,1000 ,1000 ,1000 
// Monk
15,		1000,1    ,3000  ,100  ,1000  ,1000 ,1000 ,1000 ,1000 ,1000 ,1000 ,1000 ,1000 ,1000 ,1000 ,1000 ,1000 ,1000 ,1000 ,1000 ,1000 ,1000 ,1000 ,1000 ,1000 ,1000 ,1000 ,1000 ,1000 
// Sage
16,		1000,1    ,3000  ,100  ,1000  ,1000 ,1000 ,1000 ,1000 ,1000 ,1000 ,1000 ,1000 ,1000 ,1000 ,1000 ,1000 ,1000 ,1000 ,1000 ,1000 ,1000 ,1000 ,1000 ,1000 ,1000 ,1000 ,1000 ,1000 
// Rogue
17,		1000,1    ,3000  ,100  ,1000  ,1000 ,1000 ,1000 ,1000 ,1000 ,1000 ,1000 ,1000 ,1000 ,1000 ,1000 ,1000 ,1000 ,1000 ,1000 ,1000 ,1000 ,1000 ,1000 ,1000 ,1000 ,1000 ,1000 ,1000 
// Alchemist
18,		1000,1    ,3000  ,100  ,1000  ,1000 ,1000 ,1000 ,1000 ,1000 ,1000 ,1000 ,1000 ,1000 ,1000 ,1000 ,1000 ,1000 ,1000 ,1000 ,1000 ,1000 ,1000 ,1000 ,1000 ,1000 ,1000 ,1000 ,1000 
// Bard
19,		1000,1    ,3000  ,100  ,1000  ,1000 ,1000 ,1000 ,1000 ,1000 ,1000 ,1000 ,1000 ,1000 ,1000 ,1000 ,1000 ,1000 ,1000 ,1000 ,1000 ,1000 ,1000 ,1000 ,1000 ,1000 ,1000 ,1000 ,1000 
// Dancer
20,		1000,1    ,3000  ,100  ,1000  ,1000 ,1000 ,1000 ,1000 ,1000 ,1000 ,1000 ,1000 ,1000 ,1000 ,1000 ,1000 ,1000 ,1000 ,1000 ,1000 ,1000 ,1000 ,1000 ,1000 ,1000 ,1000 ,1000 ,1000 
// Crusader (Peco)
21,		1000,1    ,3000  ,100  ,1000  ,1000 ,1000 ,1000 ,1000 ,1000 ,1000 ,1000 ,1000 ,1000 ,1000 ,1000 ,1000 ,1000 ,1000 ,1000 ,1000 ,1000 ,1000 ,1000 ,1000 ,1000 ,1000 ,1000 ,1000 
// Wedding
22,		1000,1    ,3000  ,100  ,1000  ,1000 ,1000 ,1000 ,1000 ,1000 ,1000 ,1000 ,1000 ,1000 ,1000 ,1000 ,1000 ,1000 ,1000 ,1000 ,1000 ,1000 ,1000 ,1000 ,1000 ,1000 ,1000 ,1000 ,1000 
// Christmas
26,		1000,1    ,3000  ,100  ,1000  ,1000 ,1000 ,1000 ,1000 ,1000 ,1000 ,1000 ,1000 ,1000 ,1000 ,1000 ,1000 ,1000 ,1000 ,1000 ,1000 ,1000 ,1000 ,1000 ,1000 ,1000 ,1000 ,1000 ,1000 
// Summer
27,		1000,1    ,3000  ,100  ,1000  ,1000 ,1000 ,1000 ,1000 ,1000 ,1000 ,1000 ,1000 ,1000 ,1000 ,1000 ,1000 ,1000 ,1000 ,1000 ,1000 ,1000 ,1000 ,1000 ,1000 ,1000 ,1000 ,1000 ,1000 
// Super Novice
23,		1000,1    ,3000  ,100  ,1000  ,1000 ,1000 ,1000 ,1000 ,1000 ,1000 ,1000 ,1000 ,1000 ,1000 ,1000 ,1000 ,1000 ,1000 ,1000 ,1000 ,1000 ,1000 ,1000 ,1000 ,1000 ,1000 ,1000 ,1000 
// Gunslinger
24,		1000,1    ,3000  ,100  ,1000  ,1000 ,1000 ,1000 ,1000 ,1000 ,1000 ,1000 ,1000 ,1000 ,1000 ,1000 ,1000 ,1000 ,1000 ,1000 ,1000 ,1000 ,1000 ,1000 ,1000 ,1000 ,1000 ,1000 ,1000 
// Ninja
25,		1000,1    ,3000  ,100  ,1000  ,1000 ,1000 ,1000 ,1000 ,1000 ,1000 ,1000 ,1000 ,1000 ,1000 ,1000 ,1000 ,1000 ,1000 ,1000 ,1000 ,1000 ,1000 ,1000 ,1000 ,1000 ,1000 ,1000 ,1000 
// Novice High
4001,	1000,1    ,3000  ,100  ,1000  ,1000 ,1000 ,1000 ,1000 ,1000 ,1000 ,1000 ,1000 ,1000 ,1000 ,1000 ,1000 ,1000 ,1000 ,1000 ,1000 ,1000 ,1000 ,1000 ,1000 ,1000 ,1000 ,1000 ,1000 
// Swordman High
4002,	1000,1    ,3000  ,100  ,1000  ,1000 ,1000 ,1000 ,1000 ,1000 ,1000 ,1000 ,1000 ,1000 ,1000 ,1000 ,1000 ,1000 ,1000 ,1000 ,1000 ,1000 ,1000 ,1000 ,1000 ,1000 ,1000 ,1000 ,1000 
// Magician High
4003,	1000,1    ,3000  ,100  ,1000  ,1000 ,1000 ,1000 ,1000 ,1000 ,1000 ,1000 ,1000 ,1000 ,1000 ,1000 ,1000 ,1000 ,1000 ,1000 ,1000 ,1000 ,1000 ,1000 ,1000 ,1000 ,1000 ,1000 ,1000 
// Archer High
4004,	1000,1    ,3000  ,100  ,1000  ,1000 ,1000 ,1000 ,1000 ,1000 ,1000 ,1000 ,1000 ,1000 ,1000 ,1000 ,1000 ,1000 ,1000 ,1000 ,1000 ,1000 ,1000 ,1000 ,1000 ,1000 ,1000 ,1000 ,1000 
// Acolyte High
4005,	1000,1    ,3000  ,100  ,1000  ,1000 ,1000 ,1000 ,1000 ,1000 ,1000 ,1000 ,1000 ,1000 ,1000 ,1000 ,1000 ,1000 ,1000 ,1000 ,1000 ,1000 ,1000 ,1000 ,1000 ,1000 ,1000 ,1000 ,1000 
// Merchant High
4006,	1000,1    ,3000  ,100  ,1000  ,1000 ,1000 ,1000 ,1000 ,1000 ,1000 ,1000 ,1000 ,1000 ,1000 ,1000 ,1000 ,1000 ,1000 ,1000 ,1000 ,1000 ,1000 ,1000 ,1000 ,1000 ,1000 ,1000 ,1000 
// Thief High
4007,	1000,1    ,3000  ,100  ,1000  ,1000 ,1000 ,1000 ,1000 ,1000 ,1000 ,1000 ,1000 ,1000 ,1000 ,1000 ,1000 ,1000 ,1000 ,1000 ,1000 ,1000 ,1000 ,1000 ,1000 ,1000 ,1000 ,1000 ,1000 
// Lord Knight
4008,	1000,1    ,3000  ,100  ,1000  ,1000 ,1000 ,1000 ,1000 ,1000 ,1000 ,1000 ,1000 ,1000 ,1000 ,1000 ,1000 ,1000 ,1000 ,1000 ,1000 ,1000 ,1000 ,1000 ,1000 ,1000 ,1000 ,1000 ,1000 
// High Priest
4009,	1000,1    ,3000  ,100  ,1000  ,1000 ,1000 ,1000 ,1000 ,1000 ,1000 ,1000 ,1000 ,1000 ,1000 ,1000 ,1000 ,1000 ,1000 ,1000 ,1000 ,1000 ,1000 ,1000 ,1000 ,1000 ,1000 ,1000 ,1000 
// High Wizard
4010,	1000,1    ,3000  ,100  ,1000  ,1000 ,1000 ,1000 ,1000 ,1000 ,1000 ,1000 ,1000 ,1000 ,1000 ,1000 ,1000 ,1000 ,1000 ,1000 ,1000 ,1000 ,1000 ,1000 ,1000 ,1000 ,1000 ,1000 ,1000 
// Whitesmith
4011,	1000,1    ,3000  ,100  ,1000  ,1000 ,1000 ,1000 ,1000 ,1000 ,1000 ,1000 ,1000 ,1000 ,1000 ,1000 ,1000 ,1000 ,1000 ,1000 ,1000 ,1000 ,1000 ,1000 ,1000 ,1000 ,1000 ,1000 ,1000 
// Sniper
4012,	1000,1    ,3000  ,100  ,1000  ,1000 ,1000 ,1000 ,1000 ,1000 ,1000 ,1000 ,1000 ,1000 ,1000 ,1000 ,1000 ,1000 ,1000 ,1000 ,1000 ,1000 ,1000 ,1000 ,1000 ,1000 ,1000 ,1000 ,1000 
// Assassin Cross
4013,	1000,1    ,3000  ,100  ,1000  ,1000 ,1000 ,1000 ,1000 ,1000 ,1000 ,1000 ,1000 ,1000 ,1000 ,1000 ,1000 ,1000 ,1000 ,1000 ,1000 ,1000 ,1000 ,1000 ,1000 ,1000 ,1000 ,1000 ,1000 
// Lord Knight (Peco)
4014,	1000,1    ,3000  ,100  ,1000  ,1000 ,1000 ,1000 ,1000 ,1000 ,1000 ,1000 ,1000 ,1000 ,1000 ,1000 ,1000 ,1000 ,1000 ,1000 ,1000 ,1000 ,1000 ,1000 ,1000 ,1000 ,1000 ,1000 ,1000 
// Paladin
4015,	1000,1    ,3000  ,100  ,1000  ,1000 ,1000 ,1000 ,1000 ,1000 ,1000 ,1000 ,1000 ,1000 ,1000 ,1000 ,1000 ,1000 ,1000 ,1000 ,1000 ,1000 ,1000 ,1000 ,1000 ,1000 ,1000 ,1000 ,1000 
// Champion
4016,	1000,1    ,3000  ,100  ,1000  ,1000 ,1000 ,1000 ,1000 ,1000 ,1000 ,1000 ,1000 ,1000 ,1000 ,1000 ,1000 ,1000 ,1000 ,1000 ,1000 ,1000 ,1000 ,1000 ,1000 ,1000 ,1000 ,1000 ,1000 
// Professor
4017,	1000,1    ,3000  ,100  ,1000  ,1000 ,1000 ,1000 ,1000 ,1000 ,1000 ,1000 ,1000 ,1000 ,1000 ,1000 ,1000 ,1000 ,1000 ,1000 ,1000 ,1000 ,1000 ,1000 ,1000 ,1000 ,1000 ,1000 ,1000 
// Stalker
4018,	1000,1    ,3000  ,100  ,1000  ,1000 ,1000 ,1000 ,1000 ,1000 ,1000 ,1000 ,1000 ,1000 ,1000 ,1000 ,1000 ,1000 ,1000 ,1000 ,1000 ,1000 ,1000 ,1000 ,1000 ,1000 ,1000 ,1000 ,1000 
// Creator
4019,	1000,1    ,3000  ,100  ,1000  ,1000 ,1000 ,1000 ,1000 ,1000 ,1000 ,1000 ,1000 ,1000 ,1000 ,1000 ,1000 ,1000 ,1000 ,1000 ,1000 ,1000 ,1000 ,1000 ,1000 ,1000 ,1000 ,1000 ,1000 
// Clown
4020,	1000,1    ,3000  ,100  ,1000  ,1000 ,1000 ,1000 ,1000 ,1000 ,1000 ,1000 ,1000 ,1000 ,1000 ,1000 ,1000 ,1000 ,1000 ,1000 ,1000 ,1000 ,1000 ,1000 ,1000 ,1000 ,1000 ,1000 ,1000 
// Gypsy
4021,	1000,1    ,3000  ,100  ,1000  ,1000 ,1000 ,1000 ,1000 ,1000 ,1000 ,1000 ,1000 ,1000 ,1000 ,1000 ,1000 ,1000 ,1000 ,1000 ,1000 ,1000 ,1000 ,1000 ,1000 ,1000 ,1000 ,1000 ,1000 
// Paladin (Peco)
4022,	1000,1    ,3000  ,100  ,1000  ,1000 ,1000 ,1000 ,1000 ,1000 ,1000 ,1000 ,1000 ,1000 ,1000 ,1000 ,1000 ,1000 ,1000 ,1000 ,1000 ,1000 ,1000 ,1000 ,1000 ,1000 ,1000 ,1000 ,1000 
// Baby Novice
4023,	1000,1    ,3000  ,100  ,1000  ,1000 ,1000 ,1000 ,1000 ,1000 ,1000 ,1000 ,1000 ,1000 ,1000 ,1000 ,1000 ,1000 ,1000 ,1000 ,1000 ,1000 ,1000 ,1000 ,1000 ,1000 ,1000 ,1000 ,1000 
// Baby Swordman
4024,	1000,1    ,3000  ,100  ,1000  ,1000 ,1000 ,1000 ,1000 ,1000 ,1000 ,1000 ,1000 ,1000 ,1000 ,1000 ,1000 ,1000 ,1000 ,1000 ,1000 ,1000 ,1000 ,1000 ,1000 ,1000 ,1000 ,1000 ,1000 
// Baby Magician
4025,	1000,1    ,3000  ,100  ,1000  ,1000 ,1000 ,1000 ,1000 ,1000 ,1000 ,1000 ,1000 ,1000 ,1000 ,1000 ,1000 ,1000 ,1000 ,1000 ,1000 ,1000 ,1000 ,1000 ,1000 ,1000 ,1000 ,1000 ,1000 
// Baby Archer
4026,	1000,1    ,3000  ,100  ,1000  ,1000 ,1000 ,1000 ,1000 ,1000 ,1000 ,1000 ,1000 ,1000 ,1000 ,1000 ,1000 ,1000 ,1000 ,1000 ,1000 ,1000 ,1000 ,1000 ,1000 ,1000 ,1000 ,1000 ,1000 
// Baby Acolyte
4027,	1000,1    ,3000  ,100  ,1000  ,1000 ,1000 ,1000 ,1000 ,1000 ,1000 ,1000 ,1000 ,1000 ,1000 ,1000 ,1000 ,1000 ,1000 ,1000 ,1000 ,1000 ,1000 ,1000 ,1000 ,1000 ,1000 ,1000 ,1000 
// Baby Merchant
4028,	1000,1    ,3000  ,100  ,1000  ,1000 ,1000 ,1000 ,1000 ,1000 ,1000 ,1000 ,1000 ,1000 ,1000 ,1000 ,1000 ,1000 ,1000 ,1000 ,1000 ,1000 ,1000 ,1000 ,1000 ,1000 ,1000 ,1000 ,1000 
// Baby Thief
4029,	1000,1    ,3000  ,100  ,1000  ,1000 ,1000 ,1000 ,1000 ,1000 ,1000 ,1000 ,1000 ,1000 ,1000 ,1000 ,1000 ,1000 ,1000 ,1000 ,1000 ,1000 ,1000 ,1000 ,1000 ,1000 ,1000 ,1000 ,1000 
// Baby Knight
4030,	1000,1    ,3000  ,100  ,1000  ,1000 ,1000 ,1000 ,1000 ,1000 ,1000 ,1000 ,1000 ,1000 ,1000 ,1000 ,1000 ,1000 ,1000 ,1000 ,1000 ,1000 ,1000 ,1000 ,1000 ,1000 ,1000 ,1000 ,1000 
// Baby Priest
4031,	1000,1    ,3000  ,100  ,1000  ,1000 ,1000 ,1000 ,1000 ,1000 ,1000 ,1000 ,1000 ,1000 ,1000 ,1000 ,1000 ,1000 ,1000 ,1000 ,1000 ,1000 ,1000 ,1000 ,1000 ,1000 ,1000 ,1000 ,1000 
// Baby Wizard
4032,	1000,1    ,3000  ,100  ,1000  ,1000 ,1000 ,1000 ,1000 ,1000 ,1000 ,1000 ,1000 ,1000 ,1000 ,1000 ,1000 ,1000 ,1000 ,1000 ,1000 ,1000 ,1000 ,1000 ,1000 ,1000 ,1000 ,1000 ,1000 
// Baby Blacksmith
4033,	1000,1    ,3000  ,100  ,1000  ,1000 ,1000 ,1000 ,1000 ,1000 ,1000 ,1000 ,1000 ,1000 ,1000 ,1000 ,1000 ,1000 ,1000 ,1000 ,1000 ,1000 ,1000 ,1000 ,1000 ,1000 ,1000 ,1000 ,1000 
// Baby Hunter
4034,	1000,1    ,3000  ,100  ,1000  ,1000 ,1000 ,1000 ,1000 ,1000 ,1000 ,1000 ,1000 ,1000 ,1000 ,1000 ,1000 ,1000 ,1000 ,1000 ,1000 ,1000 ,1000 ,1000 ,1000 ,1000 ,1000 ,1000 ,1000 
// Baby Assassin
4035,	1000,1    ,3000  ,100  ,1000  ,1000 ,1000 ,1000 ,1000 ,1000 ,1000 ,1000 ,1000 ,1000 ,1000 ,1000 ,1000 ,1000 ,1000 ,1000 ,1000 ,1000 ,1000 ,1000 ,1000 ,1000 ,1000 ,1000 ,1000 
// Baby Knight (Peco)
4036,	1000,1    ,3000  ,100  ,1000  ,1000 ,1000 ,1000 ,1000 ,1000 ,1000 ,1000 ,1000 ,1000 ,1000 ,1000 ,1000 ,1000 ,1000 ,1000 ,1000 ,1000 ,1000 ,1000 ,1000 ,1000 ,1000 ,1000 ,1000 
// Baby Crusader
4037,	1000,1    ,3000  ,100  ,1000  ,1000 ,1000 ,1000 ,1000 ,1000 ,1000 ,1000 ,1000 ,1000 ,1000 ,1000 ,1000 ,1000 ,1000 ,1000 ,1000 ,1000 ,1000 ,1000 ,1000 ,1000 ,1000 ,1000 ,1000 
// Baby Monk
4038,	1000,1    ,3000  ,100  ,1000  ,1000 ,1000 ,1000 ,1000 ,1000 ,1000 ,1000 ,1000 ,1000 ,1000 ,1000 ,1000 ,1000 ,1000 ,1000 ,1000 ,1000 ,1000 ,1000 ,1000 ,1000 ,1000 ,1000 ,1000 
// Baby Sage
4039,	1000,1    ,3000  ,100  ,1000  ,1000 ,1000 ,1000 ,1000 ,1000 ,1000 ,1000 ,1000 ,1000 ,1000 ,1000 ,1000 ,1000 ,1000 ,1000 ,1000 ,1000 ,1000 ,1000 ,1000 ,1000 ,1000 ,1000 ,1000 
// Baby Rogue
4040,	1000,1    ,3000  ,100  ,1000  ,1000 ,1000 ,1000 ,1000 ,1000 ,1000 ,1000 ,1000 ,1000 ,1000 ,1000 ,1000 ,1000 ,1000 ,1000 ,1000 ,1000 ,1000 ,1000 ,1000 ,1000 ,1000 ,1000 ,1000 
// Baby Alchemist
4041,	1000,1    ,3000  ,100  ,1000  ,1000 ,1000 ,1000 ,1000 ,1000 ,1000 ,1000 ,1000 ,1000 ,1000 ,1000 ,1000 ,1000 ,1000 ,1000 ,1000 ,1000 ,1000 ,1000 ,1000 ,1000 ,1000 ,1000 ,1000 
// Baby Bard
4042,	1000,1    ,3000  ,100  ,1000  ,1000 ,1000 ,1000 ,1000 ,1000 ,1000 ,1000 ,1000 ,1000 ,1000 ,1000 ,1000 ,1000 ,1000 ,1000 ,1000 ,1000 ,1000 ,1000 ,1000 ,1000 ,1000 ,1000 ,1000 
// Baby Dancer
4043,	1000,1    ,3000  ,100  ,1000  ,1000 ,1000 ,1000 ,1000 ,1000 ,1000 ,1000 ,1000 ,1000 ,1000 ,1000 ,1000 ,1000 ,1000 ,1000 ,1000 ,1000 ,1000 ,1000 ,1000 ,1000 ,1000 ,1000 ,1000 
// Baby Crusader (Peco)
4044,	1000,1    ,3000  ,100  ,1000  ,1000 ,1000 ,1000 ,1000 ,1000 ,1000 ,1000 ,1000 ,1000 ,1000 ,1000 ,1000 ,1000 ,1000 ,1000 ,1000 ,1000 ,1000 ,1000 ,1000 ,1000 ,1000 ,1000 ,1000 
// Baby Super Novice
4045,	1000,1    ,3000  ,100  ,1000  ,1000 ,1000 ,1000 ,1000 ,1000 ,1000 ,1000 ,1000 ,1000 ,1000 ,1000 ,1000 ,1000 ,1000 ,1000 ,1000 ,1000 ,1000 ,1000 ,1000 ,1000 ,1000 ,1000 ,1000 
// Taekwon
4046,	1000,1    ,3000  ,100  ,1000  ,1000 ,1000 ,1000 ,1000 ,1000 ,1000 ,1000 ,1000 ,1000 ,1000 ,1000 ,1000 ,1000 ,1000 ,1000 ,1000 ,1000 ,1000 ,1000 ,1000 ,1000 ,1000 ,1000 ,1000 
// Star Knight
4047,	1000,1    ,3000  ,100  ,1000  ,1000 ,1000 ,1000 ,1000 ,1000 ,1000 ,1000 ,1000 ,1000 ,1000 ,1000 ,1000 ,1000 ,1000 ,1000 ,1000 ,1000 ,1000 ,1000 ,1000 ,1000 ,1000 ,1000 ,1000 
// Star Knight (flying)
4048,	1000,1    ,3000  ,100  ,1000  ,1000 ,1000 ,1000 ,1000 ,1000 ,1000 ,1000 ,1000 ,1000 ,1000 ,1000 ,1000 ,1000 ,1000 ,1000 ,1000 ,1000 ,1000 ,1000 ,1000 ,1000 ,1000 ,1000 ,1000 
// Soul Linker
4049,	1000,1    ,3000  ,100  ,1000  ,1000 ,1000 ,1000 ,1000 ,1000 ,1000 ,1000 ,1000 ,1000 ,1000 ,1000 ,1000 ,1000 ,1000 ,1000 ,1000 ,1000 ,1000 ,1000 ,1000 ,1000 ,1000 ,1000 ,1000 
// Gangsi (Bongun/Munak)
4050,	1000,1    ,3000  ,100  ,1000  ,1000 ,1000 ,1000 ,1000 ,1000 ,1000 ,1000 ,1000 ,1000 ,1000 ,1000 ,1000 ,1000 ,1000 ,1000 ,1000 ,1000 ,1000 ,1000 ,1000 ,1000 ,1000 ,1000 ,1000 
// Death Knight
4051,	1000,1    ,3000  ,100  ,1000  ,1000 ,1000 ,1000 ,1000 ,1000 ,1000 ,1000 ,1000 ,1000 ,1000 ,1000 ,1000 ,1000 ,1000 ,1000 ,1000 ,1000 ,1000 ,1000 ,1000 ,1000 ,1000 ,1000 ,1000 
// Dark Collector
4052,	1000,1    ,3000  ,100  ,1000  ,1000 ,1000 ,1000 ,1000 ,1000 ,1000 ,1000 ,1000 ,1000 ,1000 ,1000 ,1000 ,1000 ,1000 ,1000 ,1000 ,1000 ,1000 ,1000 ,1000 ,1000 ,1000 ,1000 ,1000 
// Rune Knight (Regular)
4054,	1000,1    ,3000  ,100  ,1000  ,1000 ,1000 ,1000 ,1000 ,1000 ,1000 ,1000 ,1000 ,1000 ,1000 ,1000 ,1000 ,1000 ,1000 ,1000 ,1000 ,1000 ,1000 ,1000 ,1000 ,1000 ,1000 ,1000 ,1000 
// Warlock (Regular)
4055,	1000,1    ,3000  ,100  ,1000  ,1000 ,1000 ,1000 ,1000 ,1000 ,1000 ,1000 ,1000 ,1000 ,1000 ,1000 ,1000 ,1000 ,1000 ,1000 ,1000 ,1000 ,1000 ,1000 ,1000 ,1000 ,1000 ,1000 ,1000 
// Ranger (Regular)
4056,	1000,1    ,3000  ,100  ,1000  ,1000 ,1000 ,1000 ,1000 ,1000 ,1000 ,1000 ,1000 ,1000 ,1000 ,1000 ,1000 ,1000 ,1000 ,1000 ,1000 ,1000 ,1000 ,1000 ,1000 ,1000 ,1000 ,1000 ,1000 
// Arch Bishop (Regular)
4057,	1000,1    ,3000  ,100  ,1000  ,1000 ,1000 ,1000 ,1000 ,1000 ,1000 ,1000 ,1000 ,1000 ,1000 ,1000 ,1000 ,1000 ,1000 ,1000 ,1000 ,1000 ,1000 ,1000 ,1000 ,1000 ,1000 ,1000 ,1000 
// Mechanic (Regular)
4058,	1000,1    ,3000  ,100  ,1000  ,1000 ,1000 ,1000 ,1000 ,1000 ,1000 ,1000 ,1000 ,1000 ,1000 ,1000 ,1000 ,1000 ,1000 ,1000 ,1000 ,1000 ,1000 ,1000 ,1000 ,1000 ,1000 ,1000 ,1000 
// Guillotine Cross (Regular)
4059,	1000,1    ,3000  ,100  ,1000  ,1000 ,1000 ,1000 ,1000 ,1000 ,1000 ,1000 ,1000 ,1000 ,1000 ,1000 ,1000 ,1000 ,1000 ,1000 ,1000 ,1000 ,1000 ,1000 ,1000 ,1000 ,1000 ,1000 ,1000 
// Rune Knight (Trans)
4060,	1000,1    ,3000  ,100  ,1000  ,1000 ,1000 ,1000 ,1000 ,1000 ,1000 ,1000 ,1000 ,1000 ,1000 ,1000 ,1000 ,1000 ,1000 ,1000 ,1000 ,1000 ,1000 ,1000 ,1000 ,1000 ,1000 ,1000 ,1000 
// Warlock (Trans)
4061,	1000,1    ,3000  ,100  ,1000  ,1000 ,1000 ,1000 ,1000 ,1000 ,1000 ,1000 ,1000 ,1000 ,1000 ,1000 ,1000 ,1000 ,1000 ,1000 ,1000 ,1000 ,1000 ,1000 ,1000 ,1000 ,1000 ,1000 ,1000 
// Ranger (Trans)
4062,	1000,1    ,3000  ,100  ,1000  ,1000 ,1000 ,1000 ,1000 ,1000 ,1000 ,1000 ,1000 ,1000 ,1000 ,1000 ,1000 ,1000 ,1000 ,1000 ,1000 ,1000 ,1000 ,1000 ,1000 ,1000 ,1000 ,1000 ,1000 
// Arch Bishop (Trans)
4063,	1000,1    ,3000  ,100  ,1000  ,1000 ,1000 ,1000 ,1000 ,1000 ,1000 ,1000 ,1000 ,1000 ,1000 ,1000 ,1000 ,1000 ,1000 ,1000 ,1000 ,1000 ,1000 ,1000 ,1000 ,1000 ,1000 ,1000 ,1000 
// Mechanic (Trans)
4064,	1000,1    ,3000  ,100  ,1000  ,1000 ,1000 ,1000 ,1000 ,1000 ,1000 ,1000 ,1000 ,1000 ,1000 ,1000 ,1000 ,1000 ,1000 ,1000 ,1000 ,1000 ,1000 ,1000 ,1000 ,1000 ,1000 ,1000 ,1000 
// Guillotine Cross (Trans)
4065,	1000,1    ,3000  ,100  ,1000  ,1000 ,1000 ,1000 ,1000 ,1000 ,1000 ,1000 ,1000 ,1000 ,1000 ,1000 ,1000 ,1000 ,1000 ,1000 ,1000 ,1000 ,1000 ,1000 ,1000 ,1000 ,1000 ,1000 ,1000 
// Royal Guard (Regular)
4066,	1000,1    ,3000  ,100  ,1000  ,1000 ,1000 ,1000 ,1000 ,1000 ,1000 ,1000 ,1000 ,1000 ,1000 ,1000 ,1000 ,1000 ,1000 ,1000 ,1000 ,1000 ,1000 ,1000 ,1000 ,1000 ,1000 ,1000 ,1000 
// Sorcerer (Regular)
4067,	1000,1    ,3000  ,100  ,1000  ,1000 ,1000 ,1000 ,1000 ,1000 ,1000 ,1000 ,1000 ,1000 ,1000 ,1000 ,1000 ,1000 ,1000 ,1000 ,1000 ,1000 ,1000 ,1000 ,1000 ,1000 ,1000 ,1000 ,1000 
// Minstrel (Regular)
4068,	1000,1    ,3000  ,100  ,1000  ,1000 ,1000 ,1000 ,1000 ,1000 ,1000 ,1000 ,1000 ,1000 ,1000 ,1000 ,1000 ,1000 ,1000 ,1000 ,1000 ,1000 ,1000 ,1000 ,1000 ,1000 ,1000 ,1000 ,1000 
// Wanderer (Regular)
4069,	1000,1    ,3000  ,100  ,1000  ,1000 ,1000 ,1000 ,1000 ,1000 ,1000 ,1000 ,1000 ,1000 ,1000 ,1000 ,1000 ,1000 ,1000 ,1000 ,1000 ,1000 ,1000 ,1000 ,1000 ,1000 ,1000 ,1000 ,1000 
// Sura (Regular)
4070,	1000,1    ,3000  ,100  ,1000  ,1000 ,1000 ,1000 ,1000 ,1000 ,1000 ,1000 ,1000 ,1000 ,1000 ,1000 ,1000 ,1000 ,1000 ,1000 ,1000 ,1000 ,1000 ,1000 ,1000 ,1000 ,1000 ,1000 ,1000 
// Genetic (Regular)
4071,	1000,1    ,3000  ,100  ,1000  ,1000 ,1000 ,1000 ,1000 ,1000 ,1000 ,1000 ,1000 ,1000 ,1000 ,1000 ,1000 ,1000 ,1000 ,1000 ,1000 ,1000 ,1000 ,1000 ,1000 ,1000 ,1000 ,1000 ,1000 
// Shadow Chaser (Regular)
4072,	1000,1    ,3000  ,100  ,1000  ,1000 ,1000 ,1000 ,1000 ,1000 ,1000 ,1000 ,1000 ,1000 ,1000 ,1000 ,1000 ,1000 ,1000 ,1000 ,1000 ,1000 ,1000 ,1000 ,1000 ,1000 ,1000 ,1000 ,1000 
// Royal Guard (Trans)
4073,	1000,1    ,3000  ,100  ,1000  ,1000 ,1000 ,1000 ,1000 ,1000 ,1000 ,1000 ,1000 ,1000 ,1000 ,1000 ,1000 ,1000 ,1000 ,1000 ,1000 ,1000 ,1000 ,1000 ,1000 ,1000 ,1000 ,1000 ,1000 
// Sorcerer (Trans)
4074,	1000,1    ,3000  ,100  ,1000  ,1000 ,1000 ,1000 ,1000 ,1000 ,1000 ,1000 ,1000 ,1000 ,1000 ,1000 ,1000 ,1000 ,1000 ,1000 ,1000 ,1000 ,1000 ,1000 ,1000 ,1000 ,1000 ,1000 ,1000 
// Minstrel (Trans)
4075,	1000,1    ,3000  ,100  ,1000  ,1000 ,1000 ,1000 ,1000 ,1000 ,1000 ,1000 ,1000 ,1000 ,1000 ,1000 ,1000 ,1000 ,1000 ,1000 ,1000 ,1000 ,1000 ,1000 ,1000 ,1000 ,1000 ,1000 ,1000 
// Wanderer (Trans)
4076,	1000,1    ,3000  ,100  ,1000  ,1000 ,1000 ,1000 ,1000 ,1000 ,1000 ,1000 ,1000 ,1000 ,1000 ,1000 ,1000 ,1000 ,1000 ,1000 ,1000 ,1000 ,1000 ,1000 ,1000 ,1000 ,1000 ,1000 ,1000 
// Sura (Trans)
4077,	1000,1    ,3000  ,100  ,1000  ,1000 ,1000 ,1000 ,1000 ,1000 ,1000 ,1000 ,1000 ,1000 ,1000 ,1000 ,1000 ,1000 ,1000 ,1000 ,1000 ,1000 ,1000 ,1000 ,1000 ,1000 ,1000 ,1000 ,1000 
// Genetic (Trans)
4078,	1000,1    ,3000  ,100  ,1000  ,1000 ,1000 ,1000 ,1000 ,1000 ,1000 ,1000 ,1000 ,1000 ,1000 ,1000 ,1000 ,1000 ,1000 ,1000 ,1000 ,1000 ,1000 ,1000 ,1000 ,1000 ,1000 ,1000 ,1000 
// Shadow Chaser (Trans)
4079,	1000,1    ,3000  ,100  ,1000  ,1000 ,1000 ,1000 ,1000 ,1000 ,1000 ,1000 ,1000 ,1000 ,1000 ,1000 ,1000 ,1000 ,1000 ,1000 ,1000 ,1000 ,1000 ,1000 ,1000 ,1000 ,1000 ,1000 ,1000 
// Rune Knight (Dragon) (Regular)
4080,	1000,1    ,3000  ,100  ,1000  ,1000 ,1000 ,1000 ,1000 ,1000 ,1000 ,1000 ,1000 ,1000 ,1000 ,1000 ,1000 ,1000 ,1000 ,1000 ,1000 ,1000 ,1000 ,1000 ,1000 ,1000 ,1000 ,1000 ,1000 
// Rune Knight (Dragon) (Trans)
4081,	1000,1    ,3000  ,100  ,1000  ,1000 ,1000 ,1000 ,1000 ,1000 ,1000 ,1000 ,1000 ,1000 ,1000 ,1000 ,1000 ,1000 ,1000 ,1000 ,1000 ,1000 ,1000 ,1000 ,1000 ,1000 ,1000 ,1000 ,1000 
// Royal Guard (Gryphon) (Regular)
4082,	1000,1    ,3000  ,100  ,1000  ,1000 ,1000 ,1000 ,1000 ,1000 ,1000 ,1000 ,1000 ,1000 ,1000 ,1000 ,1000 ,1000 ,1000 ,1000 ,1000 ,1000 ,1000 ,1000 ,1000 ,1000 ,1000 ,1000 ,1000 
// Royal Guard (Gryphon) (Trans)
4083,	1000,1    ,3000  ,100  ,1000  ,1000 ,1000 ,1000 ,1000 ,1000 ,1000 ,1000 ,1000 ,1000 ,1000 ,1000 ,1000 ,1000 ,1000 ,1000 ,1000 ,1000 ,1000 ,1000 ,1000 ,1000 ,1000 ,1000 ,1000 
// Ranger (Warg) (Regular)
4084,	1000,1    ,3000  ,100  ,1000  ,1000 ,1000 ,1000 ,1000 ,1000 ,1000 ,1000 ,1000 ,1000 ,1000 ,1000 ,1000 ,1000 ,1000 ,1000 ,1000 ,1000 ,1000 ,1000 ,1000 ,1000 ,1000 ,1000 ,1000 
// Ranger (Warg) (Trans)
4085,	1000,1    ,3000  ,100  ,1000  ,1000 ,1000 ,1000 ,1000 ,1000 ,1000 ,1000 ,1000 ,1000 ,1000 ,1000 ,1000 ,1000 ,1000 ,1000 ,1000 ,1000 ,1000 ,1000 ,1000 ,1000 ,1000 ,1000 ,1000 
// Mechanic (Mado) (Regular)
4086,	1000,1    ,3000  ,100  ,1000  ,1000 ,1000 ,1000 ,1000 ,1000 ,1000 ,1000 ,1000 ,1000 ,1000 ,1000 ,1000 ,1000 ,1000 ,1000 ,1000 ,1000 ,1000 ,1000 ,1000 ,1000 ,1000 ,1000 ,1000 
// Mechanic (Mado) (Trans)
4087,	1000,1    ,3000  ,100  ,1000  ,1000 ,1000 ,1000 ,1000 ,1000 ,1000 ,1000 ,1000 ,1000 ,1000 ,1000 ,1000 ,1000 ,1000 ,1000 ,1000 ,1000 ,1000 ,1000 ,1000 ,1000 ,1000 ,1000 ,1000 
// Baby Rune Knight
4096,	1000,1    ,3000  ,100  ,1000  ,1000 ,1000 ,1000 ,1000 ,1000 ,1000 ,1000 ,1000 ,1000 ,1000 ,1000 ,1000 ,1000 ,1000 ,1000 ,1000 ,1000 ,1000 ,1000 ,1000 ,1000 ,1000 ,1000 ,1000 
// Baby Warlock
4097,	1000,1    ,3000  ,100  ,1000  ,1000 ,1000 ,1000 ,1000 ,1000 ,1000 ,1000 ,1000 ,1000 ,1000 ,1000 ,1000 ,1000 ,1000 ,1000 ,1000 ,1000 ,1000 ,1000 ,1000 ,1000 ,1000 ,1000 ,1000 
// Baby Ranger
4098,	1000,1    ,3000  ,100  ,1000  ,1000 ,1000 ,1000 ,1000 ,1000 ,1000 ,1000 ,1000 ,1000 ,1000 ,1000 ,1000 ,1000 ,1000 ,1000 ,1000 ,1000 ,1000 ,1000 ,1000 ,1000 ,1000 ,1000 ,1000 
// Baby Arch Bishop
4099,	1000,1    ,3000  ,100  ,1000  ,1000 ,1000 ,1000 ,1000 ,1000 ,1000 ,1000 ,1000 ,1000 ,1000 ,1000 ,1000 ,1000 ,1000 ,1000 ,1000 ,1000 ,1000 ,1000 ,1000 ,1000 ,1000 ,1000 ,1000 
// Baby Mechanic
4100,	1000,1    ,3000  ,100  ,1000  ,1000 ,1000 ,1000 ,1000 ,1000 ,1000 ,1000 ,1000 ,1000 ,1000 ,1000 ,1000 ,1000 ,1000 ,1000 ,1000 ,1000 ,1000 ,1000 ,1000 ,1000 ,1000 ,1000 ,1000 
// Baby Guillotine Cross
4101,	1000,1    ,3000  ,100  ,1000  ,1000 ,1000 ,1000 ,1000 ,1000 ,1000 ,1000 ,1000 ,1000 ,1000 ,1000 ,1000 ,1000 ,1000 ,1000 ,1000 ,1000 ,1000 ,1000 ,1000 ,1000 ,1000 ,1000 ,1000 
// Baby Royal Guard
4102,	1000,1    ,3000  ,100  ,1000  ,1000 ,1000 ,1000 ,1000 ,1000 ,1000 ,1000 ,1000 ,1000 ,1000 ,1000 ,1000 ,1000 ,1000 ,1000 ,1000 ,1000 ,1000 ,1000 ,1000 ,1000 ,1000 ,1000 ,1000 
// Baby Sorcerer
4103,	1000,1    ,3000  ,100  ,1000  ,1000 ,1000 ,1000 ,1000 ,1000 ,1000 ,1000 ,1000 ,1000 ,1000 ,1000 ,1000 ,1000 ,1000 ,1000 ,1000 ,1000 ,1000 ,1000 ,1000 ,1000 ,1000 ,1000 ,1000 
// Baby Minstrel
4104,	1000,1    ,3000  ,100  ,1000  ,1000 ,1000 ,1000 ,1000 ,1000 ,1000 ,1000 ,1000 ,1000 ,1000 ,1000 ,1000 ,1000 ,1000 ,1000 ,1000 ,1000 ,1000 ,1000 ,1000 ,1000 ,1000 ,1000 ,1000 
// Baby Wanderer
4105,	1000,1    ,3000  ,100  ,1000  ,1000 ,1000 ,1000 ,1000 ,1000 ,1000 ,1000 ,1000 ,1000 ,1000 ,1000 ,1000 ,1000 ,1000 ,1000 ,1000 ,1000 ,1000 ,1000 ,1000 ,1000 ,1000 ,1000 ,1000 
// Baby Sura
4106,	1000,1    ,3000  ,100  ,1000  ,1000 ,1000 ,1000 ,1000 ,1000 ,1000 ,1000 ,1000 ,1000 ,1000 ,1000 ,1000 ,1000 ,1000 ,1000 ,1000 ,1000 ,1000 ,1000 ,1000 ,1000 ,1000 ,1000 ,1000 
// Baby Genetic
4107,	1000,1    ,3000  ,100  ,1000  ,1000 ,1000 ,1000 ,1000 ,1000 ,1000 ,1000 ,1000 ,1000 ,1000 ,1000 ,1000 ,1000 ,1000 ,1000 ,1000 ,1000 ,1000 ,1000 ,1000 ,1000 ,1000 ,1000 ,1000 
// Baby Shadow Chaser
4108,	1000,1    ,3000  ,100  ,1000  ,1000 ,1000 ,1000 ,1000 ,1000 ,1000 ,1000 ,1000 ,1000 ,1000 ,1000 ,1000 ,1000 ,1000 ,1000 ,1000 ,1000 ,1000 ,1000 ,1000 ,1000 ,1000 ,1000 ,1000 
// Baby Rune Knight (Dragon)
4109,	1000,1    ,3000  ,100  ,1000  ,1000 ,1000 ,1000 ,1000 ,1000 ,1000 ,1000 ,1000 ,1000 ,1000 ,1000 ,1000 ,1000 ,1000 ,1000 ,1000 ,1000 ,1000 ,1000 ,1000 ,1000 ,1000 ,1000 ,1000 
// Baby Royal Guard (Gryphon)
4110,	1000,1    ,3000  ,100  ,1000  ,1000 ,1000 ,1000 ,1000 ,1000 ,1000 ,1000 ,1000 ,1000 ,1000 ,1000 ,1000 ,1000 ,1000 ,1000 ,1000 ,1000 ,1000 ,1000 ,1000 ,1000 ,1000 ,1000 ,1000 
// Baby Ranger (Warg)
4111,	1000,1    ,3000  ,100  ,1000  ,1000 ,1000 ,1000 ,1000 ,1000 ,1000 ,1000 ,1000 ,1000 ,1000 ,1000 ,1000 ,1000 ,1000 ,1000 ,1000 ,1000 ,1000 ,1000 ,1000 ,1000 ,1000 ,1000 ,1000 
// Baby Mechanic (Mado)
4112,	1000,1    ,3000  ,100  ,1000  ,1000 ,1000 ,1000 ,1000 ,1000 ,1000 ,1000 ,1000 ,1000 ,1000 ,1000 ,1000 ,1000 ,1000 ,1000 ,1000 ,1000 ,1000 ,1000 ,1000 ,1000 ,1000 ,1000 ,1000 
// Super Novice (Expanded)
4190,	1000,1    ,3000  ,100  ,1000  ,1000 ,1000 ,1000 ,1000 ,1000 ,1000 ,1000 ,1000 ,1000 ,1000 ,1000 ,1000 ,1000 ,1000 ,1000 ,1000 ,1000 ,1000 ,1000 ,1000 ,1000 ,1000 ,1000 ,1000 
// Super Baby (Expanded)
4191,	1000,1    ,3000  ,100  ,1000  ,1000 ,1000 ,1000 ,1000 ,1000 ,1000 ,1000 ,1000 ,1000 ,1000 ,1000 ,1000 ,1000 ,1000 ,1000 ,1000 ,1000 ,1000 ,1000 ,1000 ,1000 ,1000 ,1000 ,1000 
// Kagerou
4211,	1000,1    ,3000  ,100  ,1000  ,1000 ,1000 ,1000 ,1000 ,1000 ,1000 ,1000 ,1000 ,1000 ,1000 ,1000 ,1000 ,1000 ,1000 ,1000 ,1000 ,1000 ,1000 ,1000 ,1000 ,1000 ,1000 ,1000 ,1000 
// Oboro
4212,	1000,1    ,3000  ,100  ,1000  ,1000 ,1000 ,1000 ,1000 ,1000 ,1000 ,1000 ,1000 ,1000 ,1000 ,1000 ,1000 ,1000 ,1000 ,1000 ,1000 ,1000 ,1000 ,1000 ,1000 ,1000 ,1000 ,1000 ,1000 
// Rebellion
4215,	1000,1    ,3000  ,100  ,1000  ,1000 ,1000 ,1000 ,1000 ,1000 ,1000 ,1000 ,1000 ,1000 ,1000 ,1000 ,1000 ,1000 ,1000 ,1000 ,1000 ,1000 ,1000 ,1000 ,1000 ,1000 ,1000 ,1000 ,1000 
