// Skill Requirements Database 
// 
// Structure of Database: 
// SkillID,HPCost,MaxHPTrigger,SPCost,HPRateCost,SPRateCost,ZenyCost,RequiredWeapons,RequiredAmmoTypes,RequiredAmmoAmount,RequiredState,SpiritSphereCost,RequiredItemID1,RequiredItemAmount1,RequiredItemID2,RequiredItemAmount2,RequiredItemID3,RequiredItemAmount3,RequiredItemID4,RequiredItemAmount4,RequiredItemID5,RequiredItemAmount5,RequiredItemID6,RequiredItemAmount6,RequiredItemID7,RequiredItemAmount7,RequiredItemID8,RequiredItemAmount8,RequiredItemID9,RequiredItemAmount9,RequiredItemID10,RequiredItemAmount10
//	
// If HP/SPratecost is positive, it is a percent of your current life, otherwise it is a percent of your max life. 
// 
// Legend for 'RequiredState' field: 
// none = Nothing special 
// move_enable = Requires to be able to move 
// recover_weight_rate = Requires to be less than 50% weight 
// water = Requires to be standing on a water cell 
// cart = Requires a Pushcart 
// riding = Requires to ride either a peco or a dragon 
// falcon = Requires a Falcon 
// sight = Requires Sight skill activated 
// hiding = Requires Hiding skill activated 
// cloaking = Requires Cloaking skill activated 
// explosionspirits = Requires Fury skill activated 
// cartboost = Requires a Pushcart and Cart Boost skill activated 
// shield = Requires a 0,shield equipped 
// warg = Requires a Warg 
// dragon = Requires to ride a Dragon 
// ridingwarg = Requires to ride a Warg 
// mado = Requires to have an active mado 
// poisonweapon = Requires to be under Poisoning Weapon. 
// rollingcutter = Requires at least one Rotation Counter from Rolling Cutter. 
// elementalspirit = Requires to have an Elemental Spirit summoned. 
// mh_fighting = Requires Eleanor fighthing mode 
// mh_grappling = Requires Eleanor grappling mode 
// peco = Requires riding a peco 

5,0,0,8:8:8:8:8:15:15:15:15:15,0,0,0,0:1:2:3:4:5:6:7:8:9:10:12:13:14:15:16:17:18:19:20:21:22,0,0,none,0,0,0,0,0,0,0,0,0,0,0,0,0,0,0,0,0,0,0,0,0	//Bash 
6,0,0,4:5:6:7:8:9:10:11:12:13,0,0,0,99,0,0,none,0,0,0,0,0,0,0,0,0,0,0,0,0,0,0,0,0,0,0,0,0	//Provoke 
7,20:20:19:19:18:18:17:17:16:16,0,30,0,0,0,99,0,0,none,0,0,0,0,0,0,0,0,0,0,0,0,0,0,0,0,0,0,0,0,0	//Magnum Break 
8,0,0,10,0,0,0,99,0,0,none,0,0,0,0,0,0,0,0,0,0,0,0,0,0,0,0,0,0,0,0,0	//Endure 

10,0,0,10,0,0,0,99,0,0,none,0,0,0,0,0,0,0,0,0,0,0,0,0,0,0,0,0,0,0,0,0	//Sight 
11,0,0,9:9:9:12:12:12:15:15:15:18,0,0,0,99,0,0,none,0,0,0,0,0,0,0,0,0,0,0,0,0,0,0,0,0,0,0,0,0	//Napalm Beat 
12,0,0,30:30:30:35:35:35:40:40:40:40,0,0,0,99,0,0,none,0,0,0,0,0,0,0,0,0,0,0,0,0,0,0,0,0,0,0,0,0	//Safety Wall 
13,0,0,18:14:24:20:30:26:36:32:42:38,0,0,0,99,0,0,none,0,0,0,0,0,0,0,0,0,0,0,0,0,0,0,0,0,0,0,0,0	//Soul Strike 
14,0,0,12:14:16:18:20:22:24:26:28:30,0,0,0,99,0,0,none,0,0,0,0,0,0,0,0,0,0,0,0,0,0,0,0,0,0,0,0,0	//Cold Bolt 
15,0,0,25:24:23:22:21:20:19:18:17:16,0,0,0,99,0,0,none,0,0,0,0,0,0,0,0,0,0,0,0,0,0,0,0,0,0,0,0,0	//Frost Diver 
16,0,0,25:24:23:22:21:20:19:18:17:16,0,0,0,99,0,0,none,0,0,0,0,0,0,0,0,0,0,0,0,0,0,0,0,0,0,0,0,0	//Stone Curse 
17,0,0,25,0,0,0,99,0,0,none,0,0,0,0,0,0,0,0,0,0,0,0,0,0,0,0,0,0,0,0,0	//Fire Ball 
18,0,0,40,0,0,0,99,0,0,none,0,0,0,0,0,0,0,0,0,0,0,0,0,0,0,0,0,0,0,0,0	//Fire Wall 
19,0,0,12:14:16:18:20:22:24:26:28:30,0,0,0,99,0,0,none,0,0,0,0,0,0,0,0,0,0,0,0,0,0,0,0,0,0,0,0,0	//Fire Bolt 
20,0,0,12:14:16:18:20:22:24:26:28:30,0,0,0,99,0,0,none,0,0,0,0,0,0,0,0,0,0,0,0,0,0,0,0,0,0,0,0,0	//Lightning Bolt 
21,0,0,29:34:39:44:49:54:59:64:69:74,0,0,0,99,0,0,none,0,0,0,0,0,0,0,0,0,0,0,0,0,0,0,0,0,0,0,0,0	//Thunderstorm 

24,0,0,10,0,0,0,99,0,0,none,0,0,0,0,0,0,0,0,0,0,0,0,0,0,0,0,0,0,0,0,0	//Ruwach 
25,0,0,10,0,0,0,99,0,0,none,0,0,0,0,0,0,0,0,0,0,0,0,0,0,0,0,0,0,0,0,0	//Pneuma 
26,0,0,10:9,0,0,0,99,0,0,none,0,0,0,0,0,0,0,0,0,0,0,0,0,0,0,0,0,0,0,0,0	//Teleport 
27,0,0,35:32:29:26,0,0,0,99,0,0,none,0,0,0,0,0,0,0,0,0,0,0,0,0,0,0,0,0,0,0,0,0	//Warp Portal 
28,0,0,13:16:19:22:25:28:31:34:37:40,0,0,0,99,0,0,none,0,0,0,0,0,0,0,0,0,0,0,0,0,0,0,0,0,0,0,0,0	//Heal 
29,15,0,18:21:24:27:30:33:36:39:42:45,0,0,0,99,0,0,none,0,0,0,0,0,0,0,0,0,0,0,0,0,0,0,0,0,0,0,0,0	//Increase AGI 
30,0,0,15:17:19:21:23:25:27:29:31:33,0,0,0,99,0,0,none,0,0,0,0,0,0,0,0,0,0,0,0,0,0,0,0,0,0,0,0,0	//Decrease AGI 
31,0,0,10,0,0,0,99,0,0,water,0,0,0,0,0,0,0,0,0,0,0,0,0,0,0,0,0,0,0,0,0	//Aqua Benedicta 
32,0,0,35,0,0,0,99,0,0,none,0,0,0,0,0,0,0,0,0,0,0,0,0,0,0,0,0,0,0,0,0	//Signum Crucis 
33,0,0,23:26:29:32:35:38:41:44:47:50,0,0,0,99,0,0,none,0,0,0,0,0,0,0,0,0,0,0,0,0,0,0,0,0,0,0,0,0	//Angelus 
34,0,0,28:32:36:40:44:48:52:56:60:64,0,0,0,99,0,0,none,0,0,0,0,0,0,0,0,0,0,0,0,0,0,0,0,0,0,0,0,0	//Blessing 
35,0,0,15,0,0,0,99,0,0,none,0,0,0,0,0,0,0,0,0,0,0,0,0,0,0,0,0,0,0,0,0	//Cure 

40,0,0,10,0,0,0,99,0,0,none,0,0,0,0,0,0,0,0,0,0,0,0,0,0,0,0,0,0,0,0,0	//Item Appraisal 
41,0,0,30,0,0,0,99,0,0,cart,0,0,0,0,0,0,0,0,0,0,0,0,0,0,0,0,0,0,0,0,0	//Vending 
42,0,0,5,0,0,100:200:300:400:500:600:700:800:900:1000,99,0,0,none,0,0,0,0,0,0,0,0,0,0,0,0,0,0,0,0,0,0,0,0,0	//Mammonite 

45,0,0,25:30:35:40:45:50:55:60:65:70,0,0,0,99,0,0,none,0,0,0,0,0,0,0,0,0,0,0,0,0,0,0,0,0,0,0,0,0	//Improve Concentration 
46,0,0,12,0,0,0,11,0,0,none,0,0,0,0,0,0,0,0,0,0,0,0,0,0,0,0,0,0,0,0,0	//Double Strafe 
47,0,0,15,0,0,0,11,0,0,none,0,0,0,0,0,0,0,0,0,0,0,0,0,0,0,0,0,0,0,0,0	//Arrow Shower 

50,0,0,10,0,0,0,99,0,0,none,0,0,0,0,0,0,0,0,0,0,0,0,0,0,0,0,0,0,0,0,0	//Steal 
51,0,0,10,0,0,0,99,0,0,none,0,0,0,0,0,0,0,0,0,0,0,0,0,0,0,0,0,0,0,0,0	//Hiding 
52,0,0,12,0,0,0,99,0,0,none,0,0,0,0,0,0,0,0,0,0,0,0,0,0,0,0,0,0,0,0,0	//Envenom 
53,0,0,10,0,0,0,99,0,0,none,0,0,0,0,0,0,0,0,0,0,0,0,0,0,0,0,0,0,0,0,0	//Detoxify 
54,0,0,60,0,0,0,99,0,0,none,0,0,0,0,0,0,0,0,0,0,0,0,0,0,0,0,0,0,0,0,0	//Resurrection 

56,0,0,7,0,0,0,4:5,0,0,none,0,0,0,0,0,0,0,0,0,0,0,0,0,0,0,0,0,0,0,0,0	//Pierce 
57,0,0,12,0,0,0,4:5,0,0,riding,0,0,0,0,0,0,0,0,0,0,0,0,0,0,0,0,0,0,0,0,0	//Brandish Spear 
58,0,0,9,0,0,0,4:5,0,0,none,0,0,0,0,0,0,0,0,0,0,0,0,0,0,0,0,0,0,0,0,0	//Spear Stab 
59,0,0,10,0,0,0,4:5,0,0,none,0,0,0,0,0,0,0,0,0,0,0,0,0,0,0,0,0,0,0,0,0	//Spear Boomerang 
60,0,0,14:18:22:26:30:34:38:42:46:50,0,0,0,3,0,0,none,0,0,0,0,0,0,0,0,0,0,0,0,0,0,0,0,0,0,0,0,0	//Twohand Quicken 
61,0,0,3,0,0,0,0:1:2:3:4:5:6:7:8:9:10:12:13:14:15:16:17:18:19:20:21:22,0,0,none,0,0,0,0,0,0,0,0,0,0,0,0,0,0,0,0,0,0,0,0,0	//Counter Attack 
62,0,0,13:14:15:16:17:18:19:20:21:22,0,0,0,99,0,0,none,0,0,0,0,0,0,0,0,0,0,0,0,0,0,0,0,0,0,0,0,0	//Bowling Bash 

66,0,0,13:16:19:22:25,0,0,0,99,0,0,none,0,0,0,0,0,0,0,0,0,0,0,0,0,0,0,0,0,0,0,0,0	//Impositio Manus 
67,0,0,8,0,0,0,99,0,0,none,0,0,0,0,0,0,0,0,0,0,0,0,0,0,0,0,0,0,0,0,0	//Suffragium 
68,0,0,14:18:22:26:30,0,0,0,99,0,0,none,0,0,0,0,0,0,0,0,0,0,0,0,0,0,0,0,0,0,0,0,0	//Aspersio 
69,0,0,20,0,0,0,99,0,0,none,0,0,0,0,0,0,0,0,0,0,0,0,0,0,0,0,0,0,0,0,0	//B.S. Sacramenti 
70,0,0,15:18:21:24:27:30:33:36:39:42,0,0,0,99,0,0,none,0,0,0,0,0,0,0,0,0,0,0,0,0,0,0,0,0,0,0,0,0	//Sanctuary 
71,0,0,6:8:10:12,0,0,0,99,0,0,none,0,0,0,0,0,0,0,0,0,0,0,0,0,0,0,0,0,0,0,0,0	//Slow Poison 
72,0,0,5,0,0,0,99,0,0,none,0,0,0,0,0,0,0,0,0,0,0,0,0,0,0,0,0,0,0,0,0	//Status Recovery 
73,0,0,20:20:20:25:25:25:30:30:30:35,0,0,0,99,0,0,none,0,0,0,0,0,0,0,0,0,0,0,0,0,0,0,0,0,0,0,0,0	//Kyrie Eleison 
74,0,0,40,0,0,0,99,0,0,none,0,0,0,0,0,0,0,0,0,0,0,0,0,0,0,0,0,0,0,0,0	//Magnificat 
75,0,0,20,0,0,0,99,0,0,none,0,0,0,0,0,0,0,0,0,0,0,0,0,0,0,0,0,0,0,0,0	//Gloria 
76,0,0,20:20:20:20:20:18:16:14:12:10,0,0,0,99,0,0,none,0,0,0,0,0,0,0,0,0,0,0,0,0,0,0,0,0,0,0,0,0	//Lex Divina 
77,0,0,20,0,0,0,99,0,0,none,0,0,0,0,0,0,0,0,0,0,0,0,0,0,0,0,0,0,0,0,0	//Turn Undead 
78,0,0,10,0,0,0,99,0,0,none,0,0,0,0,0,0,0,0,0,0,0,0,0,0,0,0,0,0,0,0,0	//Lex Aeterna 
79,0,0,40:42:44:46:48:50:52:54:56:58,0,0,0,99,0,0,none,0,0,0,0,0,0,0,0,0,0,0,0,0,0,0,0,0,0,0,0,0	//Magnus Exorcismus 
80,0,0,75,0,0,0,99,0,0,none,0,0,0,0,0,0,0,0,0,0,0,0,0,0,0,0,0,0,0,0,0	//Fire Pillar 
81,0,0,35:37:39:41:43:45:47:49:51:53,0,0,0,99,0,0,sight,0,0,0,0,0,0,0,0,0,0,0,0,0,0,0,0,0,0,0,0,0	//Sightrasher 
83,0,0,20:24:30:34:40:44:50:54:60:64,0,0,0,99,0,0,none,0,0,0,0,0,0,0,0,0,0,0,0,0,0,0,0,0,0,0,0,0	//Meteor Storm 
84,0,0,20:23:26:29:32:35:38:41:44:47,0,0,0,99,0,0,none,0,0,0,0,0,0,0,0,0,0,0,0,0,0,0,0,0,0,0,0,0	//Jupitel Thunder 
85,0,0,60:64:68:72:76:80:84:88:92:96,0,0,0,99,0,0,none,0,0,0,0,0,0,0,0,0,0,0,0,0,0,0,0,0,0,0,0,0	//Lord of Vermilion 
86,0,0,15:20:20:25:25:25:25:25:25:25,0,0,0,99,0,0,water,0,0,0,0,0,0,0,0,0,0,0,0,0,0,0,0,0,0,0,0,0	//Water Ball 
87,0,0,20,0,0,0,99,0,0,none,0,0,0,0,0,0,0,0,0,0,0,0,0,0,0,0,0,0,0,0,0	//Ice Wall 
88,0,0,45:43:41:39:37:35:33:31:29:27,0,0,0,99,0,0,none,0,0,0,0,0,0,0,0,0,0,0,0,0,0,0,0,0,0,0,0,0	//Frost Nova 
89,0,0,78,0,0,0,99,0,0,none,0,0,0,0,0,0,0,0,0,0,0,0,0,0,0,0,0,0,0,0,0	//Storm Gust 
90,0,0,12:14:16:18:20,0,0,0,99,0,0,none,0,0,0,0,0,0,0,0,0,0,0,0,0,0,0,0,0,0,0,0,0	//Earth Spike 
91,0,0,28:32:36:40:44,0,0,0,99,0,0,none,0,0,0,0,0,0,0,0,0,0,0,0,0,0,0,0,0,0,0,0,0	//Heaven's Drive 
92,0,0,5:10:15:20:25,0,0,0,99,0,0,none,0,0,0,0,0,0,0,0,0,0,0,0,0,0,0,0,0,0,0,0,0	//Quagmire 
93,0,0,10,0,0,0,99,0,0,none,0,0,0,0,0,0,0,0,0,0,0,0,0,0,0,0,0,0,0,0,0	//Sense 

108,0,0,30,0,0,0,99,0,0,none,0,0,0,0,0,0,0,0,0,0,0,0,0,0,0,0,0,0,0,0,0	//Weapon Repair 

110,0,0,10,0,0,0,1:2:6:7:8,0,0,none,0,0,0,0,0,0,0,0,0,0,0,0,0,0,0,0,0,0,0,0,0	//Hammer Fall 
111,0,0,20:23:26:29:32,0,0,0,6:7:8,0,0,none,0,0,0,0,0,0,0,0,0,0,0,0,0,0,0,0,0,0,0,0,0	//Adrenaline Rush 
112,0,0,18:16:14:12:10,0,0,0,99,0,0,none,0,0,0,0,0,0,0,0,0,0,0,0,0,0,0,0,0,0,0,0,0	//Weapon Perfection 
113,0,0,18:16:14:12:10,0,0,0,99,0,0,none,0,0,0,0,0,0,0,0,0,0,0,0,0,0,0,0,0,0,0,0,0	//Power-Thrust 
114,0,0,10,0,0,0,99,0,0,none,0,0,0,0,0,0,0,0,0,0,0,0,0,0,0,0,0,0,0,0,0	//Maximize Power 
115,0,0,10,0,0,0,99,0,0,none,0,0,0,0,0,0,0,0,0,0,0,0,0,0,0,0,0,0,0,0,0	//Skid Trap 
116,0,0,10,0,0,0,99,0,0,none,0,0,0,0,0,0,0,0,0,0,0,0,0,0,0,0,0,0,0,0,0	//Land Mine 
117,0,0,12,0,0,0,99,0,0,none,0,0,0,0,0,0,0,0,0,0,0,0,0,0,0,0,0,0,0,0,0	//Ankle Snare 
118,0,0,45,0,0,0,99,0,0,none,0,0,0,0,0,0,0,0,0,0,0,0,0,0,0,0,0,0,0,0,0	//Shockwave Trap 
119,0,0,12,0,0,0,99,0,0,none,0,0,0,0,0,0,0,0,0,0,0,0,0,0,0,0,0,0,0,0,0	//Sandman 
120,0,0,12,0,0,0,99,0,0,none,0,0,0,0,0,0,0,0,0,0,0,0,0,0,0,0,0,0,0,0,0	//Flasher 
121,0,0,10,0,0,0,99,0,0,none,0,0,0,0,0,0,0,0,0,0,0,0,0,0,0,0,0,0,0,0,0	//Freezing Trap 
122,0,0,10,0,0,0,99,0,0,none,0,0,0,0,0,0,0,0,0,0,0,0,0,0,0,0,0,0,0,0,0	//Blast Mine 
123,0,0,15,0,0,0,99,0,0,none,0,0,0,0,0,0,0,0,0,0,0,0,0,0,0,0,0,0,0,0,0	//Claymore Trap 
124,0,0,5,0,0,0,99,0,0,none,0,0,0,0,0,0,0,0,0,0,0,0,0,0,0,0,0,0,0,0,0	//Remove Trap 
125,0,0,1,0,0,0,99,0,0,none,0,0,0,0,0,0,0,0,0,0,0,0,0,0,0,0,0,0,0,0,0	//Talkie Box 

129,0,0,10:13:16:19:22,0,0,0,99,0,0,falcon,0,0,0,0,0,0,0,0,0,0,0,0,0,0,0,0,0,0,0,0,0	//Blitz Beat 
130,0,0,8,0,0,0,99,0,0,falcon,0,0,0,0,0,0,0,0,0,0,0,0,0,0,0,0,0,0,0,0,0	//Detect 
131,0,0,10,0,0,0,99,0,0,falcon,0,0,0,0,0,0,0,0,0,0,0,0,0,0,0,0,0,0,0,0,0	//Spring Trap 

135,0,0,15,0,0,0,99,0,0,none,0,0,0,0,0,0,0,0,0,0,0,0,0,0,0,0,0,0,0,0,0	//Cloaking 
136,0,0,16:18:20:22:24:26:28:30:32:34,0,0,0,16,0,0,none,0,0,0,0,0,0,0,0,0,0,0,0,0,0,0,0,0,0,0,0,0	//Sonic Blow 
137,0,0,3,0,0,0,16,0,0,hiding,0,0,0,0,0,0,0,0,0,0,0,0,0,0,0,0,0,0,0,0,0	//Grimtooth 
138,0,0,20,0,0,0,99,0,0,none,0,0,0,0,0,0,0,0,0,0,0,0,0,0,0,0,0,0,0,0,0	//Enchant Poison 
139,0,0,25:30:35:40:45:50:55:60:45:45,0,0,0,99,0,0,none,0,0,0,0,0,0,0,0,0,0,0,0,0,0,0,0,0,0,0,0,0	//Poison React 
140,0,0,20,0,0,0,99,0,0,none,0,0,0,0,0,0,0,0,0,0,0,0,0,0,0,0,0,0,0,0,0	//Venom Dust 
141,0,0,12:14:16:18:20:22:24:26:28:30,0,0,0,99,0,0,none,0,0,0,0,0,0,0,0,0,0,0,0,0,0,0,0,0,0,0,0,0	//Venom Splasher 
142,0,0,3,0,0,0,99,0,0,none,0,0,0,0,0,0,0,0,0,0,0,0,0,0,0,0,0,0,0,0,0	//First Aid 
143,0,0,5,0,0,0,99,0,0,none,0,0,0,0,0,0,0,0,0,0,0,0,0,0,0,0,0,0,0,0,0	//Play Dead 

146,0,0,1,0,0,0,99,0,0,none,0,0,0,0,0,0,0,0,0,0,0,0,0,0,0,0,0,0,0,0,0	//Auto Berserk 
147,0,0,10,0,0,0,99,0,0,recover_weight_rate,0,0,0,0,0,0,0,0,0,0,0,0,0,0,0,0,0,0,0,0,0	//Arrow Crafting 
148,0,0,15,0,0,0,11,0,0,none,0,0,0,0,0,0,0,0,0,0,0,0,0,0,0,0,0,0,0,0,0	//Arrow Repel 
149,0,0,9,0,0,0,99,0,0,none,0,0,0,0,0,0,0,0,0,0,0,0,0,0,0,0,0,0,0,0,0	//Sand Attack 
150,0,0,7,0,0,0,99,0,0,none,0,0,0,0,0,0,0,0,0,0,0,0,0,0,0,0,0,0,0,0,0	//Back Slide 
151,0,0,3,0,0,0,99,0,0,recover_weight_rate,0,0,0,0,0,0,0,0,0,0,0,0,0,0,0,0,0,0,0,0,0	//Find Stone 
152,0,0,2,0,0,0,99,0,0,none,0,0,0,0,0,0,0,0,0,0,0,0,0,0,0,0,0,0,0,0,0	//Stone Fling 
153,0,0,12,0,0,0,99,0,0,cart,0,0,0,0,0,0,0,0,0,0,0,0,0,0,0,0,0,0,0,0,0	//Cart Revolution 
154,0,0,40,0,0,0,99,0,0,cart,0,0,0,0,0,0,0,0,0,0,0,0,0,0,0,0,0,0,0,0,0	//Change Cart 
155,0,0,8,0,0,0,99,0,0,none,0,0,0,0,0,0,0,0,0,0,0,0,0,0,0,0,0,0,0,0,0	//Crazy Uproar 
156,0,0,15,0,0,0,99,0,0,none,0,0,0,0,0,0,0,0,0,0,0,0,0,0,0,0,0,0,0,0,0	//Holy Light//350%+dmg on pvp_y_2-2 
157,0,0,30,0,0,0,99,0,0,none,0,0,0,0,0,0,0,0,0,0,0,0,0,0,0,0,0,0,0,0,0	//Energy Coat 

211,0,0,15,0,0,0,99,0,0,none,0,0,0,0,0,0,0,0,0,0,0,0,0,0,0,0,0,0,0,0,0	//Mug 
212,0,0,16,0,0,0,99,0,0,none,0,0,0,0,0,0,0,0,0,0,0,0,0,0,0,0,0,0,0,0,0	//Back Stab 

214,0,0,20,0,0,0,99,0,0,hiding,0,0,0,0,0,0,0,0,0,0,0,0,0,0,0,0,0,0,0,0,0	//Sightless Mind 
215,0,0,17:19:21:23:25,0,0,0,99,0,0,none,0,0,0,0,0,0,0,0,0,0,0,0,0,0,0,0,0,0,0,0,0	//Divest Weapon 
216,0,0,12:14:16:18:20,0,0,0,99,0,0,none,0,0,0,0,0,0,0,0,0,0,0,0,0,0,0,0,0,0,0,0,0	//Divest Shield 
217,0,0,17:19:21:23:25,0,0,0,99,0,0,none,0,0,0,0,0,0,0,0,0,0,0,0,0,0,0,0,0,0,0,0,0	//Divest Armor 
218,0,0,12:14:16:18:20,0,0,0,99,0,0,none,0,0,0,0,0,0,0,0,0,0,0,0,0,0,0,0,0,0,0,0,0	//Divest Helm 
219,0,0,13:16:19:22:25,0,0,0,99,0,0,none,0,0,0,0,0,0,0,0,0,0,0,0,0,0,0,0,0,0,0,0,0	//Snatch 
220,0,0,15,0,0,0,99,0,0,none,0,0,0,0,0,0,0,0,0,0,0,0,0,0,0,0,0,0,0,0,0	//Scribble 
221,0,0,10,0,0,0,99,0,0,none,0,0,0,0,0,0,0,0,0,0,0,0,0,0,0,0,0,0,0,0,0	//Piece 
222,0,0,5,0,0,0,99,0,0,none,0,0,0,0,0,0,0,0,0,0,0,0,0,0,0,0,0,0,0,0,0	//Remover 

228,0,0,5,0,0,0,99,0,0,none,0,0,0,0,0,0,0,0,0,0,0,0,0,0,0,0,0,0,0,0,0	//Prepare Potion 
229,0,0,10,0,0,0,99,0,0,none,0,0,0,0,0,0,0,0,0,0,0,0,0,0,0,0,0,0,0,0,0	//Bomb 
230,0,0,15,0,0,0,99,0,0,none,0,0,0,0,0,0,0,0,0,0,0,0,0,0,0,0,0,0,0,0,0	//Acid Terror 
231,0,0,1,0,0,0,99,0,0,none,0,0,0,0,0,0,0,0,0,0,0,0,0,0,0,0,0,0,0,0,0	//Aid Potion 
232,0,0,20,0,0,0,99,0,0,none,0,0,0,0,0,0,0,0,0,0,0,0,0,0,0,0,0,0,0,0,0	//Summon Flora 
233,0,0,10,0,0,0,99,0,0,none,0,0,0,0,0,0,0,0,0,0,0,0,0,0,0,0,0,0,0,0,0	//Summon Marine Sphere 
234,0,0,30,0,0,0,99,0,0,none,0,0,0,0,0,0,0,0,0,0,0,0,0,0,0,0,0,0,0,0,0	//Alchemical Weapon 
235,0,0,25,0,0,0,99,0,0,none,0,0,0,0,0,0,0,0,0,0,0,0,0,0,0,0,0,0,0,0,0	//Synthesized Shield 
236,0,0,25,0,0,0,99,0,0,none,0,0,0,0,0,0,0,0,0,0,0,0,0,0,0,0,0,0,0,0,0	//Synthetic Armor 
237,0,0,25,0,0,0,99,0,0,none,0,0,0,0,0,0,0,0,0,0,0,0,0,0,0,0,0,0,0,0,0	//Biochemical Helm 

243,0,0,10,0,0,0,99,0,0,none,0,0,0,0,0,0,0,0,0,0,0,0,0,0,0,0,0,0,0,0,0	//Call Homunculus 
244,0,0,50,0,0,0,99,0,0,none,0,0,0,0,0,0,0,0,0,0,0,0,0,0,0,0,0,0,0,0,0	//Vaporize 
247,0,0,74:68:62:56:50,0,0,0,99,0,0,none,0,0,0,0,0,0,0,0,0,0,0,0,0,0,0,0,0,0,0,0,0	//Homunculus Resurrection 

249,0,0,12:14:16:18:20:22:24:26:28:30,0,0,0,99,0,0,shield,0,0,0,0,0,0,0,0,0,0,0,0,0,0,0,0,0,0,0,0,0	//Guard 
250,0,0,10,0,0,0,99,0,0,shield,0,0,0,0,0,0,0,0,0,0,0,0,0,0,0,0,0,0,0,0,0	//Smite 
251,0,0,12,0,0,0,99,0,0,shield,0,0,0,0,0,0,0,0,0,0,0,0,0,0,0,0,0,0,0,0,0	//Shield Boomerang 
252,0,0,35:40:45:50:55:60:65:70:75:80,0,0,0,99,0,0,shield,0,0,0,0,0,0,0,0,0,0,0,0,0,0,0,0,0,0,0,0,0	//Shield Reflect 
253,0,0,11:12:13:14:15:16:17:18:19:20,0,0,0,99,0,0,none,0,0,0,0,0,0,0,0,0,0,0,0,0,0,0,0,0,0,0,0,0	//Holy Cross 
254,0,0,37:44:51:58:65:72:79:86:93:100,20,0,0,99,0,0,none,0,0,0,0,0,0,0,0,0,0,0,0,0,0,0,0,0,0,0,0,0	//Grand Cross 
255,0,0,25,0,0,0,99,0,0,none,0,0,0,0,0,0,0,0,0,0,0,0,0,0,0,0,0,0,0,0,0	//Sacrifice 
256,0,0,30,0,0,0,99,0,0,none,0,0,0,0,0,0,0,0,0,0,0,0,0,0,0,0,0,0,0,0,0	//Resistant Souls 
257,0,0,30,0,0,0,99,0,0,shield,0,0,0,0,0,0,0,0,0,0,0,0,0,0,0,0,0,0,0,0,0	//Defending Aura 
258,0,0,24:28:32:36:40:44:48:52:56:60,0,0,0,4:5,0,0,none,0,0,0,0,0,0,0,0,0,0,0,0,0,0,0,0,0,0,0,0,0	//Spear Quicken 

261,0,0,8,0,0,0,99,0,0,none,0,0,0,0,0,0,0,0,0,0,0,0,0,0,0,0,0,0,0,0,0	//Summon Spirit Sphere 
262,0,0,5,0,0,0,99,0,0,none,0,0,0,0,0,0,0,0,0,0,0,0,0,0,0,0,0,0,0,0,0	//Absorb Spirit Sphere 

264,0,0,14,0,0,0,99,0,0,none,1,0,0,0,0,0,0,0,0,0,0,0,0,0,0,0,0,0,0,0,0	//Snap 

266,0,0,10:14:17:19:20,0,0,0,99,0,0,none,1,0,0,0,0,0,0,0,0,0,0,0,0,0,0,0,0,0,0,0,0	//Occult Impaction 
267,0,0,10,0,0,0,99,0,0,none,1:2:3:4:5,0,0,0,0,0,0,0,0,0,0,0,0,0,0,0,0,0,0,0,0	//Throw Spirit Sphere//no cast zen wird after cool down bekommen das man nicht zu stark spammt 
268,0,0,200,0,0,0,99,0,0,none,5,0,0,0,0,0,0,0,0,0,0,0,0,0,0,0,0,0,0,0,0	//Mental Strength 
269,0,0,10,0,0,0,0:1:2:3:4:5:6:7:8:9:10:12:13:14:15:16:17:18:19:20:21:22,0,0,none,1,0,0,0,0,0,0,0,0,0,0,0,0,0,0,0,0,0,0,0,0	//Root 
270,0,0,15,0,0,0,99,0,0,none,5,0,0,0,0,0,0,0,0,0,0,0,0,0,0,0,0,0,0,0,0	//Fury 
271,0,0,1,0,0,0,0:1:2:3:4:5:6:7:8:9:10:12:13:14:15:16:17:18:19:20:21:22,0,0,explosionspirits,5,0,0,0,0,0,0,0,0,0,0,0,0,0,0,0,0,0,0,0,0	//Asura Strike//no flee ignore = dodge works. -> sp only 2
272,0,0,11:12:13:14:15,0,0,0,0:1:2:3:4:5:6:7:8:9:10:12:13:14:15:16:17:18:19:20:21:22,0,0,none,0,0,0,0,0,0,0,0,0,0,0,0,0,0,0,0,0,0,0,0,0	//Raging Quadruple Blow 
273,0,0,11:12:13:14:15,0,0,0,0:1:2:3:4:5:6:7:8:9:10:12:13:14:15:16:17:18:19:20:21:22,0,0,none,1,0,0,0,0,0,0,0,0,0,0,0,0,0,0,0,0,0,0,0,0	//Raging Thrust 

275,0,0,2,0,0,0,99,0,0,none,0,0,0,0,0,0,0,0,0,0,0,0,0,0,0,0,0,0,0,0,0	//Cast Cancel 
276,0,0,2,0,0,0,99,0,0,none,0,0,0,0,0,0,0,0,0,0,0,0,0,0,0,0,0,0,0,0,0	//Magic Rod 
277,0,0,10,0,0,0,99,0,0,none,0,0,0,0,0,0,0,0,0,0,0,0,0,0,0,0,0,0,0,0,0	//Spell Breaker 

279,0,0,35,0,0,0,99,0,0,none,0,0,0,0,0,0,0,0,0,0,0,0,0,0,0,0,0,0,0,0,0	//Hindsight 
280,0,0,40,0,0,0,99,0,0,none,0,0,0,0,0,0,0,0,0,0,0,0,0,0,0,0,0,0,0,0,0	//Endow Blaze 
281,0,0,40,0,0,0,99,0,0,none,0,0,0,0,0,0,0,0,0,0,0,0,0,0,0,0,0,0,0,0,0	//Endow Tsunami 
282,0,0,40,0,0,0,99,0,0,none,0,0,0,0,0,0,0,0,0,0,0,0,0,0,0,0,0,0,0,0,0	//Endow Tornado 
283,0,0,40,0,0,0,99,0,0,none,0,0,0,0,0,0,0,0,0,0,0,0,0,0,0,0,0,0,0,0,0	//Endow Quake 

285,0,0,48:46:44:42:40,0,0,0,99,0,0,none,0,0,0,0,0,0,0,0,0,0,0,0,0,0,0,0,0,0,0,0,0	//Volcano 
286,0,0,48:46:44:42:40,0,0,0,99,0,0,none,0,0,0,0,0,0,0,0,0,0,0,0,0,0,0,0,0,0,0,0,0	//Deluge 
287,0,0,48:46:44:42:40,0,0,0,99,0,0,none,0,0,0,0,0,0,0,0,0,0,0,0,0,0,0,0,0,0,0,0,0	//Whirlwind 
288,0,0,66:62:58:54:50,0,0,0,99,0,0,none,0,0,0,0,0,0,0,0,0,0,0,0,0,0,0,0,0,0,0,0,0	//Magnetic Earth 
289,0,0,1,0,0,0,99,0,0,none,0,0,0,0,0,0,0,0,0,0,0,0,0,0,0,0,0,0,0,0,0	//Dispell 
290,0,0,50,0,0,0,99,0,0,none,0,0,0,0,0,0,0,0,0,0,0,0,0,0,0,0,0,0,0,0,0	//Hocus-pocus 
291,0,0,1,0,0,0,99,0,0,none,0,0,0,0,0,0,0,0,0,0,0,0,0,0,0,0,0,0,0,0,0	//Monocell 
292,0,0,1,0,0,0,99,0,0,none,0,0,0,0,0,0,0,0,0,0,0,0,0,0,0,0,0,0,0,0,0	//Class Change 
293,0,0,1,0,0,0,99,0,0,none,0,0,0,0,0,0,0,0,0,0,0,0,0,0,0,0,0,0,0,0,0	//Monster Chant 
294,0,0,1,0,0,0,99,0,0,none,0,0,0,0,0,0,0,0,0,0,0,0,0,0,0,0,0,0,0,0,0	//Grampus Morph 
295,0,0,1,0,0,0,99,0,0,none,0,0,0,0,0,0,0,0,0,0,0,0,0,0,0,0,0,0,0,0,0	//Grim Reaper 
296,0,0,1,0,0,0,99,0,0,none,0,0,0,0,0,0,0,0,0,0,0,0,0,0,0,0,0,0,0,0,0	//Gold Digger 
297,0,0,1,0,0,0,99,0,0,none,0,0,0,0,0,0,0,0,0,0,0,0,0,0,0,0,0,0,0,0,0	//Beastly Hypnosis 
298,0,0,1,0,0,0,99,0,0,none,0,0,0,0,0,0,0,0,0,0,0,0,0,0,0,0,0,0,0,0,0	//Questioning 
299,0,0,1,0,0,0,99,0,0,none,0,0,0,0,0,0,0,0,0,0,0,0,0,0,0,0,0,0,0,0,0	//Gravity 
300,0,0,1,0,0,0,99,0,0,none,0,0,0,0,0,0,0,0,0,0,0,0,0,0,0,0,0,0,0,0,0	//Leveling 
301,0,0,1,0,0,0,99,0,0,none,0,0,0,0,0,0,0,0,0,0,0,0,0,0,0,0,0,0,0,0,0	//Suicide 
302,0,0,1,0,0,0,99,0,0,none,0,0,0,0,0,0,0,0,0,0,0,0,0,0,0,0,0,0,0,0,0	//Rejuvenation 
303,0,0,1,0,0,0,99,0,0,none,0,0,0,0,0,0,0,0,0,0,0,0,0,0,0,0,0,0,0,0,0	//Coma 

304,0,0,1,0,0,0,99,0,0,none,0,0,0,0,0,0,0,0,0,0,0,0,0,0,0,0,0,0,0,0,0	//Amp 
305,0,0,1,0,0,0,13:14,0,0,none,0,0,0,0,0,0,0,0,0,0,0,0,0,0,0,0,0,0,0,0,0	//Encore 
306,0,0,20,0,0,0,13:14,0,0,none,0,0,0,0,0,0,0,0,0,0,0,0,0,0,0,0,0,0,0,0,0	//Lullaby 
307,0,0,20,0,0,0,13:14,0,0,none,0,0,0,0,0,0,0,0,0,0,0,0,0,0,0,0,0,0,0,0,0	//Mental Sensing 
308,0,0,30,0,0,0,13:14,0,0,none,0,0,0,0,0,0,0,0,0,0,0,0,0,0,0,0,0,0,0,0,0	//Down Tempo 
309,0,0,38:41:44:47:50,0,0,0,13:14,0,0,none,0,0,0,0,0,0,0,0,0,0,0,0,0,0,0,0,0,0,0,0,0	//Battle Theme 
310,0,0,38:41:44:47:50,0,0,0,13:14,0,0,none,0,0,0,0,0,0,0,0,0,0,0,0,0,0,0,0,0,0,0,0,0	//Harmonic Lick 
311,0,0,15,0,0,0,13:14,0,0,none,0,0,0,0,0,0,0,0,0,0,0,0,0,0,0,0,0,0,0,0,0	//Classical Pluck 
312,0,0,10,0,0,0,13:14,0,0,none,0,0,0,0,0,0,0,0,0,0,0,0,0,0,0,0,0,0,0,0,0	//Power Chord 
313,0,0,20,0,0,0,13:14,0,0,none,0,0,0,0,0,0,0,0,0,0,0,0,0,0,0,0,0,0,0,0,0	//Acoustic Rhythm 

316,0,0,1:3:5:7:9,0,0,0,13,0,0,none,0,0,0,0,0,0,0,0,0,0,0,0,0,0,0,0,0,0,0,0,0	//Melody Strike 
317,0,0,18:21:24:27:30,0,0,0,13,0,0,none,0,0,0,0,0,0,0,0,0,0,0,0,0,0,0,0,0,0,0,0,0	//Unchained Serenade 
318,0,0,12:14:16:18:20,0,0,0,99,0,0,none,0,0,0,0,0,0,0,0,0,0,0,0,0,0,0,0,0,0,0,0,0	//Unbarring Octave 
319,0,0,24:28:32:36:40:44:48:52:56:60,0,0,0,13:14,0,0,none,0,0,0,0,0,0,0,0,0,0,0,0,0,0,0,0,0,0,0,0,0	//Perfect Tablature 
320,0,0,38:41:44:47:50:53:56:59:62:65,0,0,0,13:14,0,0,none,0,0,0,0,0,0,0,0,0,0,0,0,0,0,0,0,0,0,0,0,0	//Impressive Riff 
321,0,0,40:45:50:55:60:65:70:75:80:85,0,0,0,13:14,0,0,none,0,0,0,0,0,0,0,0,0,0,0,0,0,0,0,0,0,0,0,0,0	//Magic Strings 
322,0,0,40:45:50:55:60:65:70:75:80:85,0,0,0,13:14,0,0,none,0,0,0,0,0,0,0,0,0,0,0,0,0,0,0,0,0,0,0,0,0	//Song of Lutie 

324,0,0,1:3:5:7:9,0,0,0,14,0,0,none,0,0,0,0,0,0,0,0,0,0,0,0,0,0,0,0,0,0,0,0,0	//Slinging Arrow 
325,0,0,23:26:29:32:35,0,0,0,14,0,0,none,0,0,0,0,0,0,0,0,0,0,0,0,0,0,0,0,0,0,0,0,0	//Hip Shaker 
326,0,0,12:14:16:18:20,0,0,0,99,0,0,none,0,0,0,0,0,0,0,0,0,0,0,0,0,0,0,0,0,0,0,0,0	//Dazzler 
327,0,0,22:24:26:28:30:32:34:36:38:40,0,0,0,13:14,0,0,none,0,0,0,0,0,0,0,0,0,0,0,0,0,0,0,0,0,0,0,0,0	//Focus Ballet 
328,0,0,28:31:34:37:40:43:46:49:52:55,0,0,0,13:14,0,0,none,0,0,0,0,0,0,0,0,0,0,0,0,0,0,0,0,0,0,0,0,0	//Slow Grace 
329,0,0,43:46:49:52:55:58:61:64:67:70,0,0,0,13:14,0,0,none,0,0,0,0,0,0,0,0,0,0,0,0,0,0,0,0,0,0,0,0,0	//Lady Luck 
330,0,0,40:45:50:55:60:65:70:75:80:85,0,0,0,13:14,0,0,none,0,0,0,0,0,0,0,0,0,0,0,0,0,0,0,0,0,0,0,0,0	//Gypsy's Kiss 

334,0,0,1,-10,0,0,99,0,0,none,0,0,0,0,0,0,0,0,0,0,0,0,0,0,0,0,0,0,0,0,0	//I Will Protect You 
335,0,0,1,0,-10,0,99,0,0,none,0,0,0,0,0,0,0,0,0,0,0,0,0,0,0,0,0,0,0,0,0	//I Look up to You 
336,0,0,1,0,0,0,99,0,0,none,0,0,0,0,0,0,0,0,0,0,0,0,0,0,0,0,0,0,0,0,0	//I miss You 
337,0,0,1,0,0,0,99,0,0,none,0,0,0,0,0,0,0,0,0,0,0,0,0,0,0,0,0,0,0,0,0	//Throw Tomahawk 

355,0,0,18:26:34:42:50,0,0,0,1:2:3:4:5:6:7:8:9:10:11:12:13:14:15:16:17:18:19:20:21:22,0,0,none,0,0,0,0,0,0,0,0,0,0,0,0,0,0,0,0,0,0,0,0,0	//Aura Blade 
356,0,0,50,0,0,0,3,0,0,none,0,0,0,0,0,0,0,0,0,0,0,0,0,0,0,0,0,0,0,0,0	//Parrying 
357,0,0,14:18:22:26:30,0,0,0,99,0,0,none,0,0,0,0,0,0,0,0,0,0,0,0,0,0,0,0,0,0,0,0,0	//Concentration 
358,0,0,15,0,0,0,99,0,0,none,0,0,0,0,0,0,0,0,0,0,0,0,0,0,0,0,0,0,0,0,0	//Relax 
359,0,0,200,0,0,0,99,0,0,none,0,0,0,0,0,0,0,0,0,0,0,0,0,0,0,0,0,0,0,0,0	//Frenzy 
361,0,0,20:30:40:50:60,0,0,0,99,0,0,none,0,0,0,0,0,0,0,0,0,0,0,0,0,0,0,0,0,0,0,0,0	//Assumptio 
362,0,0,80:90:100:110:120,0,0,0,99,0,0,none,0,0,0,0,0,0,0,0,0,0,0,0,0,0,0,0,0,0,0,0,0	//Basilica 

365,0,0,8,0,0,0,99,0,0,none,0,0,0,0,0,0,0,0,0,0,0,0,0,0,0,0,0,0,0,0,0	//Stave Crasher 
366,0,0,14:18:22:26:30:34:38:42:46:50,0,0,0,99,0,0,none,0,0,0,0,0,0,0,0,0,0,0,0,0,0,0,0,0,0,0,0,0	//Mystical Amplification 
367,0,0,30:35:40:45:50,0,0,0,99,0,0,none,0,0,0,0,0,0,0,0,0,0,0,0,0,0,0,0,0,0,0,0,0	//Gloria Domini 
368,0,0,100,0,0,0,99,0,0,none,0,0,0,0,0,0,0,0,0,0,0,0,0,0,0,0,0,0,0,0,0	// Martyr's Reckoning 
369,0,0,80:80:80:80:80:100:100:100:100:100,0,0,0,99,0,0,none,0,0,0,0,0,0,0,0,0,0,0,0,0,0,0,0,0,0,0,0,0	//Battle Chant 
370,0,0,2:4:6:8:10,0,0,0,99,0,0,explosionspirits,0,0,0,0,0,0,0,0,0,0,0,0,0,0,0,0,0,0,0,0,0	//Raging Palm Strike 
371,0,0,4:6:8:10:12,0,0,0,99,0,0,none,1,0,0,0,0,0,0,0,0,0,0,0,0,0,0,0,0,0,0,0,0	//Glacier Fist 
372,0,0,4:6:8:10:12:14:16:18:20:22,0,0,0,99,0,0,none,2,0,0,0,0,0,0,0,0,0,0,0,0,0,0,0,0,0,0,0,0	//Chain Crush Combo 
373,0,0,1:2:3:4:5,0,0,0,99,0,0,none,0,0,0,0,0,0,0,0,0,0,0,0,0,0,0,0,0,0,0,0,0	//Indulge 
374,0,0,5,0,0,0,99,0,0,none,0,0,0,0,0,0,0,0,0,0,0,0,0,0,0,0,0,0,0,0,0	//Soul Exhale 
375,0,0,80:90:100:110:120,0,0,0,99,0,0,none,0,0,0,0,0,0,0,0,0,0,0,0,0,0,0,0,0,0,0,0,0	//Soul Siphon 

378,0,0,60:70:80:90:100,0,0,0,1:2:3:4:5:6:7:8:9:10:11:12:13:14:15:16:17:18:19:20:21:22,0,0,none,0,0,0,0,0,0,0,0,0,0,0,0,0,0,0,0,0,0,0,0,0	//Enchant Deadly Poison 
379,0,0,20:20:20:20:20:30:30:30:30:30,0,0,0,99,0,0,none,0,0,0,0,0,0,0,0,0,0,0,0,0,0,0,0,0,0,0,0,0	//Soul Destroyer 
380,0,0,20:20:25:25:30:30:35:35:40:40,0,0,0,99,0,0,none,0,0,0,0,0,0,0,0,0,0,0,0,0,0,0,0,0,0,0,0,0	//Falcon Eyes 
381,0,0,30:34:38:42:46,0,0,0,99,0,0,falcon,0,0,0,0,0,0,0,0,0,0,0,0,0,0,0,0,0,0,0,0,0	//Falcon Assault 
382,0,0,18:21:24:27:30,0,0,0,11,0,0,none,0,0,0,0,0,0,0,0,0,0,0,0,0,0,0,0,0,0,0,0,0	//Focused Arrow Strike 
383,0,0,46:52:58:64:70:76:82:88:94:100,0,0,0,99,0,0,none,0,0,0,0,0,0,0,0,0,0,0,0,0,0,0,0,0,0,0,0,0	//Wind Walker 
384,0,0,50:50:60:60:70:70:80:80:90:90,0,0,0,99,0,0,none,0,0,0,0,0,0,0,0,0,0,0,0,0,0,0,0,0,0,0,0,0	//Shattering Strike 
385,0,0,5,0,0,0,99,0,0,none,0,0,0,0,0,0,0,0,0,0,0,0,0,0,0,0,0,0,0,0,0 
386,0,0,5,0,0,0,99,0,0,none,0,0,0,0,0,0,0,0,0,0,0,0,0,0,0,0,0,0,0,0,0 
387,0,0,20,0,0,0,99,0,0,cart,0,0,0,0,0,0,0,0,0,0,0,0,0,0,0,0,0,0,0,0,0	//Cart Boost 
388,0,0,20,0,0,0,99,0,0,none,0,0,0,0,0,0,0,0,0,0,0,0,0,0,0,0,0,0,0,0,0 
389,0,0,10,0,0,0,99,0,0,none,0,0,0,0,0,0,0,0,0,0,0,0,0,0,0,0,0,0,0,0,0	//Stealth 
390,0,0,10:15:20:25:30,0,0,0,99,0,0,none,0,0,0,0,0,0,0,0,0,0,0,0,0,0,0,0,0,0,0,0,0	//Counter Instinct 

394,0,0,12:14:16:18:20:22:24:26:28:30,0,0,0,13:14,0,0,none,0,0,0,0,0,0,0,0,0,0,0,0,0,0,0,0,0,0,0,0,0	//Vulcan Arrow 
395,0,0,30:40:50:60:70,0,0,0,13:14,0,0,none,0,0,0,0,0,0,0,0,0,0,0,0,0,0,0,0,0,0,0,0,0	//Sheltering Bliss 
396,0,0,100,0,0,0,99,0,0,none,0,0,0,0,0,0,0,0,0,0,0,0,0,0,0,0,0,0,0,0,0	//Marionette Control 
397,0,0,18:21:24:27:30,0,0,0,2:3:4:5,0,0,none,0,0,0,0,0,0,0,0,0,0,0,0,0,0,0,0,0,0,0,0,0	//Spiral Pierce 
398,0,0,23,0,0,0,99,0,0,none,0,0,0,0,0,0,0,0,0,0,0,0,0,0,0,0,0,0,0,0,0	//Traumatic Blow 
399,0,0,12:12:14:14:16:16:18:18:20:20,0,0,0,4:5,0,0,none,0,0,0,0,0,0,0,0,0,0,0,0,0,0,0,0,0,0,0,0,0	//Vital Strike 
400,0,0,10:25:40:55:70,0,0,0,99,0,0,none,0,0,0,0,0,0,0,0,0,0,0,0,0,0,0,0,0,0,0,0,0	//Napalm Vulcan 
401,0,0,20,0,0,0,99,0,0,none,0,0,0,0,0,0,0,0,0,0,0,0,0,0,0,0,0,0,0,0,0	//Zen 
402,0,0,12:15:18:21:24,0,0,0,99,0,0,none,0,0,0,0,0,0,0,0,0,0,0,0,0,0,0,0,0,0,0,0,0	//Mind Breaker 
403,0,0,1,0,0,0,99,0,0,none,0,0,0,0,0,0,0,0,0,0,0,0,0,0,0,0,0,0,0,0,0	//Foresight 
404,0,0,25,0,0,0,99,0,0,none,0,0,0,0,0,0,0,0,0,0,0,0,0,0,0,0,0,0,0,0,0	//Blinding Mist 
405,0,0,50,0,0,0,99,0,0,none,0,0,0,0,0,0,0,0,0,0,0,0,0,0,0,0,0,0,0,0,0	//Fiber Lock 
406,0,0,10:12:14:16:18:20:22:24:26:28,0,0,0,99,0,0,none,0,0,0,0,0,0,0,0,0,0,0,0,0,0,0,0,0,0,0,0,0	//Meteor Assault 
407,0,0,50,0,0,0,99,0,0,none,0,0,0,0,0,0,0,0,0,0,0,0,0,0,0,0,0,0,0,0,0	//Create Deadly Poison 
408,0,0,1,0,-10,0,99,0,0,none,0,0,0,0,0,0,0,0,0,0,0,0,0,0,0,0,0,0,0,0,0	//Baby 
409,0,0,1,0,0,0,99,0,0,none,0,0,0,0,0,0,0,0,0,0,0,0,0,0,0,0,0,0,0,0,0	//Call Parent 
410,0,0,1,0,0,0,99,0,0,none,0,0,0,0,0,0,0,0,0,0,0,0,0,0,0,0,0,0,0,0,0	//Call Baby 
411,0,0,100:90:80:70:60:50:40:30:20:10,0,0,0,99,0,0,move_enable,0,0,0,0,0,0,0,0,0,0,0,0,0,0,0,0,0,0,0,0,0	//Running 
412,0,0,1,0,0,0,99,0,0,none,0,0,0,0,0,0,0,0,0,0,0,0,0,0,0,0,0,0,0,0,0	//Tornado Stance 
413,0,0,14:12:10:8:6:4:2,0,0,0,99,0,0,none,0,0,0,0,0,0,0,0,0,0,0,0,0,0,0,0,0,0,0,0,0	//Tornado Kick 
414,0,0,1,0,0,0,99,0,0,none,0,0,0,0,0,0,0,0,0,0,0,0,0,0,0,0,0,0,0,0,0	//Heel Drop Stance 
415,0,0,14:12:10:8:6:4:2,0,0,0,99,0,0,none,0,0,0,0,0,0,0,0,0,0,0,0,0,0,0,0,0,0,0,0,0	//Heel Drop 
416,0,0,1,0,0,0,99,0,0,none,0,0,0,0,0,0,0,0,0,0,0,0,0,0,0,0,0,0,0,0,0	//Roundhouse Stance 
417,0,0,14:12:10:8:6:4:2,0,0,0,99,0,0,none,0,0,0,0,0,0,0,0,0,0,0,0,0,0,0,0,0,0,0,0,0	//Roundhouse Kick 
418,0,0,1,0,0,0,99,0,0,none,0,0,0,0,0,0,0,0,0,0,0,0,0,0,0,0,0,0,0,0,0	//Counter Kick Stance 
419,0,0,14:12:10:8:6:4:2,0,0,0,99,0,0,none,0,0,0,0,0,0,0,0,0,0,0,0,0,0,0,0,0,0,0,0,0	//Counter Kick 
420,0,0,1,0,0,0,99,0,0,none,0,0,0,0,0,0,0,0,0,0,0,0,0,0,0,0,0,0,0,0,0	//Tumbling 
421,0,0,70:60:50:40:30:20:10,0,0,0,99,0,0,none,0,0,0,0,0,0,0,0,0,0,0,0,0,0,0,0,0,0,0,0,0	//Flying Kick 

425,0,0,20:20:20:20:50:50:50,0,0,0,99,0,0,none,0,0,0,0,0,0,0,0,0,0,0,0,0,0,0,0,0,0,0,0,0	//Mild Wind 
426,0,0,50,0,0,0,99,0,0,none,0,0,0,0,0,0,0,0,0,0,0,0,0,0,0,0,0,0,0,0,0	//Taekwon Jump 

427,0,0,100,0,0,0,99,0,0,none,0,0,0,0,0,0,0,0,0,0,0,0,0,0,0,0,0,0,0,0,0	//Feeling the Sun Moon and Stars 
428,0,0,20,0,0,0,99,0,0,none,0,0,0,0,0,0,0,0,0,0,0,0,0,0,0,0,0,0,0,0,0	//Warmth of the Sun 
429,0,0,20,0,0,0,99,0,0,none,0,0,0,0,0,0,0,0,0,0,0,0,0,0,0,0,0,0,0,0,0	//Warmth of the Moon 
430,0,0,10,0,0,0,99,0,0,none,0,0,0,0,0,0,0,0,0,0,0,0,0,0,0,0,0,0,0,0,0	//Warmth of the Stars 
431,0,0,70:60:50:40,0,0,0,99,0,0,none,0,0,0,0,0,0,0,0,0,0,0,0,0,0,0,0,0,0,0,0,0	//Comfort of the Sun 
432,0,0,70:60:50:40,0,0,0,99,0,0,none,0,0,0,0,0,0,0,0,0,0,0,0,0,0,0,0,0,0,0,0,0	//Comfort of the Moon 
433,0,0,70:60:50:40,0,0,0,99,0,0,none,0,0,0,0,0,0,0,0,0,0,0,0,0,0,0,0,0,0,0,0,0	//Comfort of the Stars 
434,0,0,100,0,0,0,99,0,0,none,0,0,0,0,0,0,0,0,0,0,0,0,0,0,0,0,0,0,0,0,0	//Hatred of the Sun Moon and Stars 
444,0,0,100,0,0,0,99,0,0,none,0,0,0,0,0,0,0,0,0,0,0,0,0,0,0,0,0,0,0,0,0	//Union of the Sun Moon and Stars 

445,0,0,460:360:260:160:60,0,0,0,99,0,0,none,0,0,0,0,0,0,0,0,0,0,0,0,0,0,0,0,0,0,0,0,0	//Spirit of the Alchemist 
446,0,0,10,0,8,0,99,0,0,none,0,0,0,0,0,0,0,0,0,0,0,0,0,0,0,0,0,0,0,0,0	//Aid Berserk Potion 
447,0,0,460:360:260:160:60,0,0,0,99,0,0,none,0,0,0,0,0,0,0,0,0,0,0,0,0,0,0,0,0,0,0,0,0	//Spirit of the Monk 
448,0,0,460:360:260:160:60,0,0,0,99,0,0,none,0,0,0,0,0,0,0,0,0,0,0,0,0,0,0,0,0,0,0,0,0	//Spirit of the Star Gladiator 
449,0,0,460:360:260:160:60,0,0,0,99,0,0,none,0,0,0,0,0,0,0,0,0,0,0,0,0,0,0,0,0,0,0,0,0	//Spirit of the Sage 
450,0,0,460:360:260:160:60,0,0,0,99,0,0,none,0,0,0,0,0,0,0,0,0,0,0,0,0,0,0,0,0,0,0,0,0	//Spirit of the Crusader 
451,0,0,460:360:260:160:60,0,0,0,99,0,0,none,0,0,0,0,0,0,0,0,0,0,0,0,0,0,0,0,0,0,0,0,0	//Spirit of the Supernovice 
452,0,0,460:360:260:160:60,0,0,0,99,0,0,none,0,0,0,0,0,0,0,0,0,0,0,0,0,0,0,0,0,0,0,0,0	//Spirit of the Knight 
453,0,0,460:360:260:160:60,0,0,0,99,0,0,none,0,0,0,0,0,0,0,0,0,0,0,0,0,0,0,0,0,0,0,0,0	//Spirit of the Wizard 
454,0,0,460:360:260:160:60,0,0,0,99,0,0,none,0,0,0,0,0,0,0,0,0,0,0,0,0,0,0,0,0,0,0,0,0	//Spirit of the Priest 
455,0,0,460:360:260:160:60,0,0,0,99,0,0,none,0,0,0,0,0,0,0,0,0,0,0,0,0,0,0,0,0,0,0,0,0	//Spirit of the Artist 
456,0,0,460:360:260:160:60,0,0,0,99,0,0,none,0,0,0,0,0,0,0,0,0,0,0,0,0,0,0,0,0,0,0,0,0	//Spirit of the Rogue 
457,0,0,460:360:260:160:60,0,0,0,99,0,0,none,0,0,0,0,0,0,0,0,0,0,0,0,0,0,0,0,0,0,0,0,0	//Spirit of the Assasin 
458,0,0,460:360:260:160:60,0,0,0,99,0,0,none,0,0,0,0,0,0,0,0,0,0,0,0,0,0,0,0,0,0,0,0,0	//Spirit of the Blacksmith 
459,0,0,64,0,0,0,0:1:2:3:4:5:6:7:8:9:10:12:13:14:15:16,0,0,none,0,0,0,0,0,0,0,0,0,0,0,0,0,0,0,0,0,0,0,0,0	//Advanced Adrenaline Rush 
460,0,0,460:360:260:160:60,0,0,0,99,0,0,none,0,0,0,0,0,0,0,0,0,0,0,0,0,0,0,0,0,0,0,0,0	//Spirit of the Hunter 
461,0,0,460:360:260:160:60,0,0,0,99,0,0,none,0,0,0,0,0,0,0,0,0,0,0,0,0,0,0,0,0,0,0,0,0	//Spirit of the Soul Linker 
462,0,0,120:110:100:90:80:70:60,0,0,0,99,0,0,none,0,0,0,0,0,0,0,0,0,0,0,0,0,0,0,0,0,0,0,0,0	//Kaizel 
463,0,0,30,0,0,0,99,0,0,none,0,0,0,0,0,0,0,0,0,0,0,0,0,0,0,0,0,0,0,0,0	//Kaahi 
464,0,0,20:30:40,0,0,0,99,0,0,none,0,0,0,0,0,0,0,0,0,0,0,0,0,0,0,0,0,0,0,0,0	//Kaupe 
465,0,0,70,0,0,0,99,0,0,none,0,0,0,0,0,0,0,0,0,0,0,0,0,0,0,0,0,0,0,0,0	//Kaite 
467,0,0,18:20:22:24:26:28:30,0,0,0,99,0,0,none,0,0,0,0,0,0,0,0,0,0,0,0,0,0,0,0,0,0,0,0,0	//Estin 
468,0,0,18:20:22:24:26:28:30,0,0,0,99,0,0,none,0,0,0,0,0,0,0,0,0,0,0,0,0,0,0,0,0,0,0,0,0	//Estun 
469,0,0,8:16:24:32:40:48:56:64:72:80,0,0,0,99,0,0,none,0,0,0,0,0,0,0,0,0,0,0,0,0,0,0,0,0,0,0,0,0	//Esma 
470,0,0,75:65:55:45:35:25:15,0,0,0,99,0,0,none,0,0,0,0,0,0,0,0,0,0,0,0,0,0,0,0,0,0,0,0,0	//Eswoo 
471,0,0,55:35:15,0,0,0,99,0,0,none,0,0,0,0,0,0,0,0,0,0,0,0,0,0,0,0,0,0,0,0,0	//Eske 
472,0,0,100:80:60,0,0,0,99,0,0,none,0,0,0,0,0,0,0,0,0,0,0,0,0,0,0,0,0,0,0,0,0	//Eska 

475,0,0,30,0,0,0,99,0,0,none,0,0,0,0,0,0,0,0,0,0,0,0,0,0,0,0,0,0,0,0,0	//Preserve 
476,0,0,22:24:26:28:30,0,0,0,99,0,0,none,0,0,0,0,0,0,0,0,0,0,0,0,0,0,0,0,0,0,0,0,0	//Divest All 
477,0,0,5,0,0,0,99,0,0,none,0,0,0,0,0,0,0,0,0,0,0,0,0,0,0,0,0,0,0,0,0	//Upgrade Weapon 
478,0,0,30,0,0,0,99,0,0,none,0,0,0,0,0,0,0,0,0,0,0,0,0,0,0,0,0,0,0,0,0	//Aid Condensed Potion 
479,0,0,40,0,0,0,99,0,0,none,0,0,0,0,0,0,0,0,0,0,0,0,0,0,0,0,0,0,0,0,0	//Full Protection 
480,0,0,28:31:34:37:40,0,0,0,99,0,0,shield,0,0,0,0,0,0,0,0,0,0,0,0,0,0,0,0,0,0,0,0,0	//Shield Chain 

482,0,0,40:45:50:55:60,0,0,0,99,0,0,none,0,0,0,0,0,0,0,0,0,0,0,0,0,0,0,0,0,0,0,0,0	//Double Casting 
483,0,0,40,0,0,0,99,0,0,none,0,0,0,0,0,0,0,0,0,0,0,0,0,0,0,0,0,0,0,0,0	//Ganbantein 
484,0,0,20:40:60:80:100,0,0,0,99,0,0,none,0,0,0,0,0,0,0,0,0,0,0,0,0,0,0,0,0,0,0,0,0	//Gravitation Field 
485,0,0,15,0,0,600:700:800:900:1000:1100:1200:1300:1400:1500,0:1:2:3:4:5:6:7:8:9:10:12:13:14:15:16:17:18:19:20:21:22,0,0,cartboost,0,0,0,0,0,0,0,0,0,0,0,0,0,0,0,0,0,0,0,0,0	//Cart Termination 
486,0,0,15,0,0,3000:3500:4000:4500:5000,0:1:2:3:4:5:6:7:8:9:10:12:13:14:15:16:17:18:19:20:21:22,0,0,none,0,0,0,0,0,0,0,0,0,0,0,0,0,0,0,0,0,0,0,0,0	//Maximum Power Thrust 
487,0,0,15,0,0,0,99,0,0,none,0,0,0,0,0,0,0,0,0,0,0,0,0,0,0,0,0,0,0,0,0	//Longing for Freedom 
488,0,0,20:30:40:50:60,0,0,0,13:14,0,0,none,0,0,0,0,0,0,0,0,0,0,0,0,0,0,0,0,0,0,0,0,0	//Wand of Hermode 
489,0,0,40,0,0,0,99,0,0,none,0,0,0,0,0,0,0,0,0,0,0,0,0,0,0,0,0,0,0,0,0	//Tarot Card of Fate 
490,0,0,30,0,0,0,99,0,0,none,0,0,0,0,0,0,0,0,0,0,0,0,0,0,0,0,0,0,0,0,0	//Acid Demonstration 
491,0,0,10,0,0,0,99,0,0,none,0,0,0,0,0,0,0,0,0,0,0,0,0,0,0,0,0,0,0,0,0	//Plant Cultivation 
492,0,0,1,0,0,0,99,0,0,none,0,0,0,0,0,0,0,0,0,0,0,0,0,0,0,0,0,0,0,0,0	//Weapon Enchantment 
493,0,0,10,0,0,0,99,0,0,none,0,0,0,0,0,0,0,0,0,0,0,0,0,0,0,0,0,0,0,0,0	//Taekwon Mission 
494,0,0,460:360:260:160:60,0,0,0,99,0,0,none,0,0,0,0,0,0,0,0,0,0,0,0,0,0,0,0,0,0,0,0,0	//Spirit of Rebirth 
495,0,0,100,0,0,0,2,0,0,none,0,0,0,0,0,0,0,0,0,0,0,0,0,0,0,0,0,0,0,0,0	//Onehand Quicken 
496,0,0,200,0,0,0,99,0,0,none,0,0,0,0,0,0,0,0,0,0,0,0,0,0,0,0,0,0,0,0,0	//Twilight Alchemy 1 
497,0,0,200,0,0,0,99,0,0,none,0,0,0,0,0,0,0,0,0,0,0,0,0,0,0,0,0,0,0,0,0	//Twilight Alchemy 2 
498,0,0,200,0,0,0,99,0,0,none,0,0,0,0,0,0,0,0,0,0,0,0,0,0,0,0,0,0,0,0,0	//Twilight Alchemy 3 
499,0,0,12,0,0,0,11,0,0,none,0,0,0,0,0,0,0,0,0,0,0,0,0,0,0,0,0,0,0,0,0	//Beast Strafing 
500,0,0,2,0,0,1,99,0,0,none,0,0,0,0,0,0,0,0,0,0,0,0,0,0,0,0,0,0,0,0,0	//Flip the Coin 
501,0,0,10,0,0,0,99,0,0,none,5,0,0,0,0,0,0,0,0,0,0,0,0,0,0,0,0,0,0,0,0	//Fling 
502,0,0,20,0,0,0,99,0,0,none,1,0,0,0,0,0,0,0,0,0,0,0,0,0,0,0,0,0,0,0,0	//Triple Action 
503,0,0,30,0,0,0,99,0,0,none,1,0,0,0,0,0,0,0,0,0,0,0,0,0,0,0,0,0,0,0,0	//Bulls Eye 
504,0,0,30,0,0,0,99,0,0,none,4,0,0,0,0,0,0,0,0,0,0,0,0,0,0,0,0,0,0,0,0	//Madness Canceller 
505,0,0,15,0,0,0,99,0,0,none,2,0,0,0,0,0,0,0,0,0,0,0,0,0,0,0,0,0,0,0,0	//AdJustment 
506,0,0,30,0,0,0,99,0,0,none,4,0,0,0,0,0,0,0,0,0,0,0,0,0,0,0,0,0,0,0,0	//Increasing Accuracy 
507,0,0,7,0,0,0,99,0,0,none,1,0,0,0,0,0,0,0,0,0,0,0,0,0,0,0,0,0,0,0,0	//Magical Bullet 
508,0,0,10,0,0,0,99,0,0,none,1,0,0,0,0,0,0,0,0,0,0,0,0,0,0,0,0,0,0,0,0	//Cracker 
512,0,0,15:20:25:30:35:40:45:50:55:60,0,0,0,17:18,0,0,none,0,0,0,0,0,0,0,0,0,0,0,0,0,0,0,0,0,0,0,0,0	//Tracking 
513,0,0,15:20:25:30:35,0,0,0,17:18,0,0,none,0,0,0,0,0,0,0,0,0,0,0,0,0,0,0,0,0,0,0,0,0	//Disarm 
514,0,0,11:12:13:14:15,0,0,0,17:18,0,0,none,0,0,0,0,0,0,0,0,0,0,0,0,0,0,0,0,0,0,0,0,0	//Piercing Shot 
515,0,0,22:24:26:28:30:32:34:36:38:40,0,0,0,17,0,0,none,0,0,0,0,0,0,0,0,0,0,0,0,0,0,0,0,0,0,0,0,0	//Rapid Shower 
516,0,0,32:34:36:38:40:42:44:46:48:50,0,0,0,17,0,0,none,0,0,0,0,0,0,0,0,0,0,0,0,0,0,0,0,0,0,0,0,0	//Desperado 
517,0,0,30:32:34:36:38:40:42:44:46:48,0,0,0,19,0,0,none,0,0,0,0,0,0,0,0,0,0,0,0,0,0,0,0,0,0,0,0,0	//Gatling Fever 
518,0,0,3:6:9:12:15:18:21:24:27:30,0,0,0,20,0,0,none,0,0,0,0,0,0,0,0,0,0,0,0,0,0,0,0,0,0,0,0,0	//Dust 
519,0,0,20:25:30:35:40:45:50:55:60:65,0,0,0,20,0,0,none,0,0,0,0,0,0,0,0,0,0,0,0,0,0,0,0,0,0,0,0,0	//Full Buster 
520,0,0,15:20:25:30:35:40:45:50:55:60,0,0,0,20:21,0,0,none,0,0,0,0,0,0,0,0,0,0,0,0,0,0,0,0,0,0,0,0,0	//Spread Attack 
521,0,0,4:8:12:16:20:24:28:32:36:40,0,0,0,21,0,0,none,0,0,0,0,0,0,0,0,0,0,0,0,0,0,0,0,0,0,0,0,0	//Ground Drift 
523,0,0,2,0,0,0,99,0,0,none,0,0,0,0,0,0,0,0,0,0,0,0,0,0,0,0,0,0,0,0,0	//Throw Shuriken 
524,0,0,30:25:20:15:10,0,0,0,99,0,0,none,0,0,0,0,0,0,0,0,0,0,0,0,0,0,0,0,0,0,0,0,0	//Throw Kunai 
525,0,0,20:25:30:35:40,0,0,0,22,0,0,none,0,0,0,0,0,0,0,0,0,0,0,0,0,0,0,0,0,0,0,0,0	//Throw Huuma Shuriken 
526,0,0,50,0,0,500:1000:1500:2000:2500:3000:3500:4000:4500:5000,99,0,0,none,0,0,0,0,0,0,0,0,0,0,0,0,0,0,0,0,0,0,0,0,0	//Throw Zeny 
527,0,0,15,0,0,0,99,0,0,none,0,0,0,0,0,0,0,0,0,0,0,0,0,0,0,0,0,0,0,0,0	//Improvised Defense 
528,0,0,15,0,0,0,99,0,0,none,0,0,0,0,0,0,0,0,0,0,0,0,0,0,0,0,0,0,0,0,0	//Vanishing Slash 
529,0,0,10,0,0,0,99,0,0,hiding,0,0,0,0,0,0,0,0,0,0,0,0,0,0,0,0,0,0,0,0,0	//Shadow Leap 
530,0,0,10,0,0,0,99,0,0,hiding,0,0,0,0,0,0,0,0,0,0,0,0,0,0,0,0,0,0,0,0,0	//Shadow Slash 
531,0,0,12:15:18:21:24,0,0,0,99,0,0,none,0,0,0,0,0,0,0,0,0,0,0,0,0,0,0,0,0,0,0,0,0	//Cicada Skin Sheeding 
532,0,0,30:32:34:36:38:40:42:44:46:48,0,0,0,99,0,0,none,0,0,0,0,0,0,0,0,0,0,0,0,0,0,0,0,0,0,0,0,0	//Mirror Image 
533,0,0,10,0,0,0,99,0,0,none,0,0,0,0,0,0,0,0,0,0,0,0,0,0,0,0,0,0,0,0,0	//Spirit of the Blade 
534,0,0,18:20:22:24:26:28:30:32:34:36,0,0,0,99,0,0,none,0,0,0,0,0,0,0,0,0,0,0,0,0,0,0,0,0,0,0,0,0	//Crimson Fire Petal 
535,0,0,25,0,0,0,99,0,0,none,0,0,0,0,0,0,0,0,0,0,0,0,0,0,0,0,0,0,0,0,0	//Crimson Fire Formation 
536,0,0,20:25:30:35:40,0,0,0,99,0,0,none,0,0,0,0,0,0,0,0,0,0,0,0,0,0,0,0,0,0,0,0,0	//Raging Fire Dragon 
537,0,0,15:18:21:24:27:30:33:36:39:42,0,0,0,99,0,0,none,0,0,0,0,0,0,0,0,0,0,0,0,0,0,0,0,0,0,0,0,0	//Spear of Ice 
538,0,0,15:18:21:24:27:30:33:36:39:42,0,0,0,99,0,0,none,0,0,0,0,0,0,0,0,0,0,0,0,0,0,0,0,0,0,0,0,0	//Hidden Water 
539,0,0,40:45:50:55:60,0,0,0,99,0,0,none,0,0,0,0,0,0,0,0,0,0,0,0,0,0,0,0,0,0,0,0,0	//Ice Meteor 
540,0,0,12:14:16:18:20:22:24:26:28:30,0,0,0,99,0,0,none,0,0,0,0,0,0,0,0,0,0,0,0,0,0,0,0,0,0,0,0,0	//Wind Blade 
541,0,0,16:20:24:28:32,0,0,0,99,0,0,none,0,0,0,0,0,0,0,0,0,0,0,0,0,0,0,0,0,0,0,0,0	//Lightning Strike of Destruction 
542,0,0,24:28:32:36:40,0,0,0,99,0,0,none,0,0,0,0,0,0,0,0,0,0,0,0,0,0,0,0,0,0,0,0,0	//Kamaitachi 
543,0,0,20:30:40:50:60,-5,0,0,99,0,0,none,0,0,0,0,0,0,0,0,0,0,0,0,0,0,0,0,0,0,0,0,0	//Soul 
544,0,0,55:60:65:70:75:80:85:90:95:100,0,0,0,99,0,0,none,0,0,0,0,0,0,0,0,0,0,0,0,0,0,0,0,0,0,0,0,0	//Final Strike 

688,0,0,1,0,0,0,99,0,0,none,0,0,0,0,0,0,0,0,0,0,0,0,0,0,0,0,0,0,0,0,0	//GM Sandman 
692,0,0,50,0,0,0,99,0,0,none,0,0,0,0,0,0,0,0,0,0,0,0,0,0,0,0,0,0,0,0,0	//Cat Cry 
694,0,0,1,0,0,0,99,0,0,none,0,0,0,0,0,0,0,0,0,0,0,0,0,0,0,0,0,0,0,0,0	//Angel's Protection 
695,0,0,1,0,0,0,99,0,0,none,0,0,0,0,0,0,0,0,0,0,0,0,0,0,0,0,0,0,0,0,0	//Summer Night Dream 
697,0,0,1,0,0,0,99,0,0,none,0,0,0,0,0,0,0,0,0,0,0,0,0,0,0,0,0,0,0,0,0	//Reverse Orcish 
698,0,0,1,0,0,0,99,0,0,none,0,0,0,0,0,0,0,0,0,0,0,0,0,0,0,0,0,0,0,0,0	//Christmas Carol 

1001,0,0,40,0,0,0,99,0,0,none,0,0,0,0,0,0,0,0,0,0,0,0,0,0,0,0,0,0,0,0,0	//Charge Attack 
1002,0,0,15,0,0,0,99,0,0,shield,0,0,0,0,0,0,0,0,0,0,0,0,0,0,0,0,0,0,0,0,0	//Shrink 
1004,0,0,15,0,0,0,99,0,0,none,0,0,0,0,0,0,0,0,0,0,0,0,0,0,0,0,0,0,0,0,0	//Throw Venom Knife 
1005,0,0,25,0,0,0,99,0,0,none,0,0,0,0,0,0,0,0,0,0,0,0,0,0,0,0,0,0,0,0,0	//Close Confine 
1006,0,0,40,0,0,0,99,0,0,none,0,0,0,0,0,0,0,0,0,0,0,0,0,0,0,0,0,0,0,0,0	//Sight Blaster 
1007,0,0,30,0,0,0,99,0,0,none,0,0,0,0,0,0,0,0,0,0,0,0,0,0,0,0,0,0,0,0,0	//Create Elemental Converter 
1008,0,0,30,0,0,0,99,0,0,none,0,0,0,0,0,0,0,0,0,0,0,0,0,0,0,0,0,0,0,0,0	//Elemental Change Water 
1009,0,0,10,0,0,0,11,0,0,none,0,0,0,0,0,0,0,0,0,0,0,0,0,0,0,0,0,0,0,0,0	//Phantasmic Arrow 
1010,0,0,20,0,0,0,99,0,0,none,0,0,0,0,0,0,0,0,0,0,0,0,0,0,0,0,0,0,0,0,0	//Pang Voice 
1011,0,0,40,0,0,0,99,0,0,none,0,0,0,0,0,0,0,0,0,0,0,0,0,0,0,0,0,0,0,0,0	//Wink of Charm 
1013,0,0,10,0,0,0,99,0,0,none,0,0,0,0,0,0,0,0,0,0,0,0,0,0,0,0,0,0,0,0,0	//Greed 
1014,0,0,400,0,0,0,99,0,0,none,0,0,0,0,0,0,0,0,0,0,0,0,0,0,0,0,0,0,0,0,0	//Redemptio 
1015,0,0,40,0,0,0,99,0,0,none,1,0,0,0,0,0,0,0,0,0,0,0,0,0,0,0,0,0,0,0,0	//Ki Translation 
1016,10,0,20,0,0,0,99,0,0,none,0,0,0,0,0,0,0,0,0,0,0,0,0,0,0,0,0,0,0,0,0	//Ki Explosion 
1017,0,0,30,0,0,0,99,0,0,none,0,0,0,0,0,0,0,0,0,0,0,0,0,0,0,0,0,0,0,0,0	//Elemental Change Earth 
1018,0,0,30,0,0,0,99,0,0,none,0,0,0,0,0,0,0,0,0,0,0,0,0,0,0,0,0,0,0,0,0	//Elemental Change Fire 
1019,0,0,30,0,0,0,99,0,0,none,0,0,0,0,0,0,0,0,0,0,0,0,0,0,0,0,0,0,0,0,0	//Elemental Change Wind 

//***** 
// RK Rune Knight 
2001,0,0,40:45:50:55:60,0,0,0,99,0,0,none,0,0,0,0,0,0,0,0,0,0,0,0,0,0,0,0,0,0,0,0,0	//Enchant Blade 
2002,0,0,30:35:40:45:50,0,0,0,99,0,0,none,0,0,0,0,0,0,0,0,0,0,0,0,0,0,0,0,0,0,0,0,0	//Sonic Wave 
2003,0,0,28:31:34:37:40:43:46:49:52:55,0,0,0,99,0,0,none,0,0,0,0,0,0,0,0,0,0,0,0,0,0,0,0,0,0,0,0,0	//Death Bound 
2004,0,0,60,0,0,0,4:5,0,0,none,0,0,0,0,0,0,0,0,0,0,0,0,0,0,0,0,0,0,0,0,0	//Hundred Spear 
2005,0,0,20:24:28:32:36,0,0,0,1:2:3:4:5,0,0,none,0,0,0,0,0,0,0,0,0,0,0,0,0,0,0,0,0,0,0,0,0	//Wind Cutter 
2006,0,0,35:40:45:50:55,0,0,0,1:2:3:4:5,0,0,none,0,0,0,0,0,0,0,0,0,0,0,0,0,0,0,0,0,0,0,0,0	//Ignition Break 
2008,0,0,30:35:40:45:50:55:60:65:70:75,0,0,0,99,0,0,dragon,0,0,0,0,0,0,0,0,0,0,0,0,0,0,0,0,0,0,0,0,0	//Dragon Breath 
2009,0,0,70,0,0,0,99,0,0,dragon,0,0,0,0,0,0,0,0,0,0,0,0,0,0,0,0,0,0,0,0,0	//Dragon Howling 
2011,0,0,1,0,0,0,99,0,0,none,0,0,0,0,0,0,0,0,0,0,0,0,0,0,0,0,0,0,0,0,0	//Millenium Shield 
2012,0,0,1,0,0,0,1:2:3:4:5:6:7:8,0,0,none,0,0,0,0,0,0,0,0,0,0,0,0,0,0,0,0,0,0,0,0,0	//Crush Strike 
2013,0,0,1,0,0,0,99,0,0,none,0,0,0,0,0,0,0,0,0,0,0,0,0,0,0,0,0,0,0,0,0	//Refresh 
2014,0,0,1,0,0,0,99,0,0,none,0,0,0,0,0,0,0,0,0,0,0,0,0,0,0,0,0,0,0,0,0	//Giant Growth 
2015,0,0,1,0,0,0,99,0,0,none,0,0,0,0,0,0,0,0,0,0,0,0,0,0,0,0,0,0,0,0,0	//Stone Hard Skin 
2016,0,0,1,0,0,0,99,0,0,none,0,0,0,0,0,0,0,0,0,0,0,0,0,0,0,0,0,0,0,0,0	//Vitality Activation 
2017,0,0,1,0,0,0,99,0,0,none,0,0,0,0,0,0,0,0,0,0,0,0,0,0,0,0,0,0,0,0,0	//Storm Blast 
2018,0,0,1,0,0,0,99,0,0,none,0,0,0,0,0,0,0,0,0,0,0,0,0,0,0,0,0,0,0,0,0	//Fighting Spirit //CHECK Is this splash needed? 
2019,0,0,1,0,0,0,99,0,0,none,0,0,0,0,0,0,0,0,0,0,0,0,0,0,0,0,0,0,0,0,0	//Abundance 
2020,0,0,15:18:21:24:27,0,0,0,4:5,0,0,none,0,0,0,0,0,0,0,0,0,0,0,0,0,0,0,0,0,0,0,0,0	//Phantom Thrust 

//**** 
// GC Guilottine Cross 
2021,0,0,12:16:20:24:28,0,0,0,99,0,0,none,0,0,0,0,0,0,0,0,0,0,0,0,0,0,0,0,0,0,0,0,0	//Venom Impress 
2022,0,0,25,0,0,0,99,0,0,move_enable,0,0,0,0,0,0,0,0,0,0,0,0,0,0,0,0,0,0,0,0,0	//Cross Impact 
2023,0,0,40,0,0,0,99,0,0,none,0,0,0,0,0,0,0,0,0,0,0,0,0,0,0,0,0,0,0,0,0	//Dark Illusion 

2025,0,0,10,0,0,0,99,0,0,none,0,0,0,0,0,0,0,0,0,0,0,0,0,0,0,0,0,0,0,0,0	//Create New Poison 
2026,0,0,10,0,0,0,99,0,0,none,0,0,0,0,0,0,0,0,0,0,0,0,0,0,0,0,0,0,0,0,0	//Antidote 
2027,0,0,20:24:28:32:36,0,0,0,99,0,0,none,0,0,0,0,0,0,0,0,0,0,0,0,0,0,0,0,0,0,0,0,0	//Poisoning Weapon 
2028,0,0,40:36:32:28:24,0,0,0,99,0,0,none,0,0,0,0,0,0,0,0,0,0,0,0,0,0,0,0,0,0,0,0,0	//Weapon Blocking 
2029,0,0,5:8:11:14:17,0,0,0,99,0,0,none,0,0,0,0,0,0,0,0,0,0,0,0,0,0,0,0,0,0,0,0,0	//Counter Slash 
2030,0,0,20,0,0,0,99,0,0,none,0,0,0,0,0,0,0,0,0,0,0,0,0,0,0,0,0,0,0,0,0	//Weapon Crush //CHECK SHould this and the above skill have INF2 0x200? 
2031,0,0,30:40:50:60:70,0,0,0,99,0,0,poisonweapon,0,0,0,0,0,0,0,0,0,0,0,0,0,0,0,0,0,0,0,0,0	//Venom Pressure 
2032,0,0,40,0,0,0,99,0,0,poisonweapon,0,0,0,0,0,0,0,0,0,0,0,0,0,0,0,0,0,0,0,0,0	//Poison Smoke 
2033,0,0,45,0,0,0,99,0,0,none,0,0,0,0,0,0,0,0,0,0,0,0,0,0,0,0,0,0,0,0,0	//Cloaking Exceed 
2034,0,0,30,0,0,0,99,0,0,none,0,0,0,0,0,0,0,0,0,0,0,0,0,0,0,0,0,0,0,0,0	//Phantom Menace 
2035,0,0,100,10,0,0,99,0,0,none,0,0,0,0,0,0,0,0,0,0,0,0,0,0,0,0,0,0,0,0,0	//Hallucination Walk 
2036,0,0,5,0,0,0,16,0,0,none,0,0,0,0,0,0,0,0,0,0,0,0,0,0,0,0,0,0,0,0,0	//Rolling Cutter 
2037,0,0,20:24:28:32:36,0,0,0,16,0,0,rollingcutter,0,0,0,0,0,0,0,0,0,0,0,0,0,0,0,0,0,0,0,0,0	//Cross Ripper Slasher 


//**** 
// WL Warlock 
2201,0,0,50:55:60:65:70,0,0,0,99,0,0,none,0,0,0,0,0,0,0,0,0,0,0,0,0,0,0,0,0,0,0,0,0	//White Imprison 
2202,0,0,30:35:40:45:50,0,0,0,99,0,0,none,0,0,0,0,0,0,0,0,0,0,0,0,0,0,0,0,0,0,0,0,0	//Soul Expansion 
2203,0,0,40:48:56:64:72,0,0,0,99,0,0,none,0,0,0,0,0,0,0,0,0,0,0,0,0,0,0,0,0,0,0,0,0	//Frosty Misty 
2204,0,0,50:60:70:80:90,0,0,0,99,0,0,none,0,0,0,0,0,0,0,0,0,0,0,0,0,0,0,0,0,0,0,0,0	//Jack Frost 
2205,0,0,40:42:44:46:48,0,0,0,99,0,0,none,0,0,0,0,0,0,0,0,0,0,0,0,0,0,0,0,0,0,0,0,0	//Marsh of Abyss 
2206,0,0,50:60:70:80:90,0,0,0,99,0,0,none,0,0,0,0,0,0,0,0,0,0,0,0,0,0,0,0,0,0,0,0,0	//Recognized Spell 
2207,0,0,32:34:36:38:40,0,0,0,99,0,0,none,0,0,0,0,0,0,0,0,0,0,0,0,0,0,0,0,0,0,0,0,0	//Sienna Execrate 

2209,0,0,50:60:70:80:90,0,0,0,99,0,0,none,0,0,0,0,0,0,0,0,0,0,0,0,0,0,0,0,0,0,0,0,0	//Stasis 
2210,0,0,20:24:28:32:36,0,0,0,99,0,0,none,0,0,0,0,0,0,0,0,0,0,0,0,0,0,0,0,0,0,0,0,0	//Drain Life 
2211,0,0,60:70:80:90:100,0,0,0,99,0,0,none,0,0,0,0,0,0,0,0,0,0,0,0,0,0,0,0,0,0,0,0,0	//Crimson Rock 
2212,0,0,35:40:45:50:55,0,0,0,99,0,0,none,0,0,0,0,0,0,0,0,0,0,0,0,0,0,0,0,0,0,0,0,0	//Hell Inferno 
2213,0,0,240:280:320:360:400,0,0,0,99,0,0,none,0,0,0,0,0,0,0,0,0,0,0,0,0,0,0,0,0,0,0,0,0	//Comet 
2214,0,0,80:90:100:110:120,0,0,0,99,0,0,none,0,0,0,0,0,0,0,0,0,0,0,0,0,0,0,0,0,0,0,0,0	//Chain Lightning 
2215,0,0,1,0,0,0,99,0,0,none,0,0,0,0,0,0,0,0,0,0,0,0,0,0,0,0,0,0,0,0,0	//Chain Lightning Attack 
2216,0,0,70:78:86:94:102,0,0,0,99,0,0,none,0,0,0,0,0,0,0,0,0,0,0,0,0,0,0,0,0,0,0,0,0	//Earth Strain 
2217,0,0,120:150:180:210:240,0,0,0,99,0,0,none,0,0,0,0,0,0,0,0,0,0,0,0,0,0,0,0,0,0,0,0,0	//Tetra Vortex 
2218,0,0,1,0,0,0,99,0,0,none,0,0,0,0,0,0,0,0,0,0,0,0,0,0,0,0,0,0,0,0,0	//Tetra Vortex Fire 
2219,0,0,1,0,0,0,99,0,0,none,0,0,0,0,0,0,0,0,0,0,0,0,0,0,0,0,0,0,0,0,0	//Tetra Vortex Water 
2220,0,0,1,0,0,0,99,0,0,none,0,0,0,0,0,0,0,0,0,0,0,0,0,0,0,0,0,0,0,0,0	//Tetra Vortex Wind 
2221,0,0,1,0,0,0,99,0,0,none,0,0,0,0,0,0,0,0,0,0,0,0,0,0,0,0,0,0,0,0,0	//Tetra Vortex Earth 
2222,0,0,10:12:14:16:18,0,0,0,99,0,0,none,0,0,0,0,0,0,0,0,0,0,0,0,0,0,0,0,0,0,0,0,0	//Summon Fire Ball 
2223,0,0,10:12:14:16:18,0,0,0,99,0,0,none,0,0,0,0,0,0,0,0,0,0,0,0,0,0,0,0,0,0,0,0,0	//Summon Lightning Ball 
2224,0,0,10:12:14:16:18,0,0,0,99,0,0,none,0,0,0,0,0,0,0,0,0,0,0,0,0,0,0,0,0,0,0,0,0	//Summon Water Ball 
2225,0,0,1,0,0,0,99,0,0,none,0,0,0,0,0,0,0,0,0,0,0,0,0,0,0,0,0,0,0,0,0	//Summon Attack Fire 
2226,0,0,1,0,0,0,99,0,0,none,0,0,0,0,0,0,0,0,0,0,0,0,0,0,0,0,0,0,0,0,0	//Summon Attack Wind 
2227,0,0,1,0,0,0,99,0,0,none,0,0,0,0,0,0,0,0,0,0,0,0,0,0,0,0,0,0,0,0,0	//Summon Attack Water 
2228,0,0,1,0,0,0,99,0,0,none,0,0,0,0,0,0,0,0,0,0,0,0,0,0,0,0,0,0,0,0,0	//Summon Attack Earth 
2229,0,0,10:12:14:16:18,0,0,0,99,0,0,none,0,0,0,0,0,0,0,0,0,0,0,0,0,0,0,0,0,0,0,0,0	//Summon Stone 
2230,0,0,3:20,0,0,0,99,0,0,none,0,0,0,0,0,0,0,0,0,0,0,0,0,0,0,0,0,0,0,0,0	//Release 
2231,0,0,40,0,0,0,99,0,0,none,0,0,0,0,0,0,0,0,0,0,0,0,0,0,0,0,0,0,0,0,0	//Reading Spellbook 
//2232,0,0,1,0,0,0,99,0,0,none,0,0,0,0,0,0,0,0,0,0,0,0,0,0,0,0,0,0,0,0,0 


//**** 
// AB Arch Bishop 
2038,0,0,20:23:26:29:32,0,0,0,99,0,0,none,0,0,0,0,0,0,0,0,0,0,0,0,0,0,0,0,0,0,0,0,0	//Judex 
2039,0,0,30,0,-30,0,99,0,0,none,0,0,0,0,0,0,0,0,0,0,0,0,0,0,0,0,0,0,0,0,0	//Ancilla 
2040,0,0,20:24:28:32:36:40:44:48:52:56,0,0,0,99,0,0,none,0,0,0,0,0,0,0,0,0,0,0,0,0,0,0,0,0,0,0,0,0	//Adoramus 
2041,0,0,200:220:240,0,0,0,99,0,0,none,0,0,0,0,0,0,0,0,0,0,0,0,0,0,0,0,0,0,0,0,0	//Crementia 
2042,0,0,145:160:175,0,0,0,99,0,0,none,0,0,0,0,0,0,0,0,0,0,0,0,0,0,0,0,0,0,0,0,0	//Canto Candidus 
2043,0,0,130:145:160,0,0,0,99,0,0,none,0,0,0,0,0,0,0,0,0,0,0,0,0,0,0,0,0,0,0,0,0	//Coluceo Heal 
2044,0,0,300,0,0,0,99,0,0,none,0,0,0,0,0,0,0,0,0,0,0,0,0,0,0,0,0,0,0,0,0	//Epiclesis 
2045,0,0,60:70:80:90:100:110:120:130:140:150,0,0,0,99,0,0,none,0,0,0,0,0,0,0,0,0,0,0,0,0,0,0,0,0,0,0,0,0	//Praefatio 
2046,0,0,35:38:41:44:47:50:53:56:59:62,0,0,0,99,0,0,none,0,0,0,0,0,0,0,0,0,0,0,0,0,0,0,0,0,0,0,0,0	//Oratio 
2047,0,0,50:60:70:80,0,0,0,99,0,0,none,0,0,0,0,0,0,0,0,0,0,0,0,0,0,0,0,0,0,0,0,0	//Lauda Agnus 
2048,0,0,50:60:70:80,0,0,0,99,0,0,none,0,0,0,0,0,0,0,0,0,0,0,0,0,0,0,0,0,0,0,0,0	//Lauda Ramus 

2050,0,0,70,0,0,0,99,0,0,none,0,0,0,0,0,0,0,0,0,0,0,0,0,0,0,0,0,0,0,0,0	//Renovatio 
2051,0,0,70:100:130:160:190,0,0,0,99,0,0,none,0,0,0,0,0,0,0,0,0,0,0,0,0,0,0,0,0,0,0,0,0	//Highness Heal //CHECK Info shows this has magic attack. 
2052,0,0,54:60:66:72:78,0,0,0,99,0,0,none,0,0,0,0,0,0,0,0,0,0,0,0,0,0,0,0,0,0,0,0,0	//Clearance //CHECK Also shows this as a magic attack. Why? 
2053,0,0,35:40:45:50:55,0,0,0,99,0,0,none,0,0,0,0,0,0,0,0,0,0,0,0,0,0,0,0,0,0,0,0,0	//Expiatio //CHECK Does this also give the buff to party members? 
2054,0,0,55:60:65:70:75:80:85:90:95:100,0,0,0,99,0,0,none,0,0,0,0,0,0,0,0,0,0,0,0,0,0,0,0,0,0,0,0,0	//Duple Light //CHECK Had issues adding a skill level check to make the % go higher with the skills level. Will do later. 
2055,0,0,1,0,0,0,99,0,0,none,0,0,0,0,0,0,0,0,0,0,0,0,0,0,0,0,0,0,0,0,0	//Duple Light Melee 
2056,0,0,1,0,0,0,99,0,0,none,0,0,0,0,0,0,0,0,0,0,0,0,0,0,0,0,0,0,0,0,0	//Duple Light Magic 
2057,0,0,64:68:72:76:80,0,0,0,99,0,0,none,0,0,0,0,0,0,0,0,0,0,0,0,0,0,0,0,0,0,0,0,0	//Silentium //CHECk Marked magic attack as well. Hmmmm.... 

2515,0,0,100:120:140:160:180,0,0,0,99,0,0,none,0,0,0,0,0,0,0,0,0,0,0,0,0,0,0,0,0,0,0,0,0	//Secrament 

//**** 
// RA Ranger 
2233,0,0,30:32:34:36:38:40:42:44:46:48,0,0,0,11,0,0,none,0,0,0,0,0,0,0,0,0,0,0,0,0,0,0,0,0,0,0,0,0	//Arrow Storm 
2234,0,0,36:40:44:48:52,0,0,0,11,0,0,none,0,0,0,0,0,0,0,0,0,0,0,0,0,0,0,0,0,0,0,0,0	//Fear Breeze 

2236,0,0,30:32:34:36:38:40:42:44:46:48,0,0,0,11,0,0,none,0,0,0,0,0,0,0,0,0,0,0,0,0,0,0,0,0,0,0,0,0	//Aimed Bolt 
2237,0,0,15,0,0,0,99,0,0,none,0,0,0,0,0,0,0,0,0,0,0,0,0,0,0,0,0,0,0,0,0	//Detonator 
2238,0,0,35,0,0,0,99,0,0,none,0,0,0,0,0,0,0,0,0,0,0,0,0,0,0,0,0,0,0,0,0	//Electric Shocker 
2239,0,0,20,0,0,0,99,0,0,none,0,0,0,0,0,0,0,0,0,0,0,0,0,0,0,0,0,0,0,0,0	//Cluster Bomb 
2240,0,0,5,0,0,0,99,0,0,none,0,0,0,0,0,0,0,0,0,0,0,0,0,0,0,0,0,0,0,0,0	//Warg Mastery 
2241,0,0,20,0,0,0,99,0,0,none,0,0,0,0,0,0,0,0,0,0,0,0,0,0,0,0,0,0,0,0,0	//Warg Rider 
2242,0,0,40,0,0,0,99,0,0,move_enable,0,0,0,0,0,0,0,0,0,0,0,0,0,0,0,0,0,0,0,0,0	//Warg Dash 
2243,0,0,20:22:24:26:28,0,0,0,99,0,0,none,0,0,0,0,0,0,0,0,0,0,0,0,0,0,0,0,0,0,0,0,0	//Warg Strike 
2244,0,0,42:44:46:48:50,0,0,0,99,0,0,warg,0,0,0,0,0,0,0,0,0,0,0,0,0,0,0,0,0,0,0,0,0	//Warg Bite 

2246,0,0,12,0,0,0,99,0,0,warg,0,0,0,0,0,0,0,0,0,0,0,0,0,0,0,0,0,0,0,0,0	//Sensitive Keen 
2247,0,0,40,0,0,0,99,0,0,none,0,0,0,0,0,0,0,0,0,0,0,0,0,0,0,0,0,0,0,0,0	//Camouflage 

2249,0,0,10,0,0,0,99,0,0,none,0,0,0,0,0,0,0,0,0,0,0,0,0,0,0,0,0,0,0,0,0	//Magenta Trap 
2250,0,0,10,0,0,0,99,0,0,none,0,0,0,0,0,0,0,0,0,0,0,0,0,0,0,0,0,0,0,0,0	//Cobalt Trap 
2251,0,0,10,0,0,0,99,0,0,none,0,0,0,0,0,0,0,0,0,0,0,0,0,0,0,0,0,0,0,0,0	//Maize Trap 
2252,0,0,10,0,0,0,99,0,0,none,0,0,0,0,0,0,0,0,0,0,0,0,0,0,0,0,0,0,0,0,0	//Verdure Trap 
2253,0,0,10,0,0,0,99,0,0,none,0,0,0,0,0,0,0,0,0,0,0,0,0,0,0,0,0,0,0,0,0	//Firing Trap 
2254,0,0,10,0,0,0,99,0,0,none,0,0,0,0,0,0,0,0,0,0,0,0,0,0,0,0,0,0,0,0,0	//Icebound Trap 

//**** 
// NC Mechanic 
2256,0,0,3:6:9:12:15,0,0,0,99,0,0,mado,0,0,0,0,0,0,0,0,0,0,0,0,0,0,0,0,0,0,0,0,0	//Boost Knuckle 
2257,0,0,50,0,0,0,99,0,0,mado,0,0,0,0,0,0,0,0,0,0,0,0,0,0,0,0,0,0,0,0,0	//Pile Bunker 
2258,0,0,2,0,0,0,99,0,0,mado,0,0,0,0,0,0,0,0,0,0,0,0,0,0,0,0,0,0,0,0,0	//Vulcan Arm 
2259,0,0,20,0,0,0,99,0,0,mado,0,0,0,0,0,0,0,0,0,0,0,0,0,0,0,0,0,0,0,0,0	//Flame Launcher 
2260,0,0,20,0,0,0,99,0,0,mado,0,0,0,0,0,0,0,0,0,0,0,0,0,0,0,0,0,0,0,0,0	//Cold Slower 
2261,0,0,30:45:60,0,0,0,99,0,0,mado,0,0,0,0,0,0,0,0,0,0,0,0,0,0,0,0,0,0,0,0,0	//Arm Cannon 
2262,0,0,20:40:60,0,0,0,99,0,0,mado,0,0,0,0,0,0,0,0,0,0,0,0,0,0,0,0,0,0,0,0,0	//Acceleration 
2263,0,0,25,0,0,0,99,0,0,mado,0,0,0,0,0,0,0,0,0,0,0,0,0,0,0,0,0,0,0,0,0	//Hovering 
2264,0,0,5,0,0,0,99,0,0,mado,0,0,0,0,0,0,0,0,0,0,0,0,0,0,0,0,0,0,0,0,0	//Front-Side Slide 
2265,0,0,5,0,0,0,99,0,0,mado,0,0,0,0,0,0,0,0,0,0,0,0,0,0,0,0,0,0,0,0,0	//Back-Side Slide 

2267,0,0,200,0,0,0,99,0,0,mado,0,0,0,0,0,0,0,0,0,0,0,0,0,0,0,0,0,0,0,0,0	//Self Destruction 
2268,0,0,100,0,0,0,99,0,0,mado,0,0,0,0,0,0,0,0,0,0,0,0,0,0,0,0,0,0,0,0,0	//Shape Shift 
2269,0,0,20,0,0,0,99,0,0,mado,0,0,0,0,0,0,0,0,0,0,0,0,0,0,0,0,0,0,0,0,0	//Emergency Cool 
2270,0,0,45,0,0,0,99,0,0,mado,0,0,0,0,0,0,0,0,0,0,0,0,0,0,0,0,0,0,0,0,0	//Infrared Scan 
2271,0,0,30,0,0,0,99,0,0,mado,0,0,0,0,0,0,0,0,0,0,0,0,0,0,0,0,0,0,0,0,0	//Analyze 
2272,0,0,90,0,0,0,99,0,0,mado,0,0,0,0,0,0,0,0,0,0,0,0,0,0,0,0,0,0,0,0,0	//Magnetic Field 
2273,0,0,90,0,0,0,99,0,0,mado,0,0,0,0,0,0,0,0,0,0,0,0,0,0,0,0,0,0,0,0,0	//Neutral Barrier 
2274,0,0,100:150:200,0,0,0,99,0,0,mado,0,0,0,0,0,0,0,0,0,0,0,0,0,0,0,0,0,0,0,0,0	//Stealth Field 
2275,0,0,25:30:35:40:45,0,0,0,99,0,0,mado,0,0,0,0,0,0,0,0,0,0,0,0,0,0,0,0,0,0,0,0,0	//Repair 

2278,0,0,20:22:24:26:28,0,0,0,6:7,0,0,none,0,0,0,0,0,0,0,0,0,0,0,0,0,0,0,0,0,0,0,0,0	//Axe Boomerang 
2279,0,0,10:12:14:16:18,0,0,0,6:7,0,0,none,0,0,0,0,0,0,0,0,0,0,0,0,0,0,0,0,0,0,0,0,0	//Power Swing 
2280,0,0,18:20:22:24:26,0,0,0,6:7,0,0,none,0,0,0,0,0,0,0,0,0,0,0,0,0,0,0,0,0,0,0,0,0	//Axe Tornado // Check me. Takes 20 * Skill LV amount of HP each use. 
2281,0,0,25:30:35:40:45,0,0,0,99,0,0,none,0,0,0,0,0,0,0,0,0,0,0,0,0,0,0,0,0,0,0,0,0	//FAW - Silver Sniper 
2282,0,0,40:45:50:55:60,0,0,0,99,0,0,none,0,0,0,0,0,0,0,0,0,0,0,0,0,0,0,0,0,0,0,0,0	//FAW - Magic Decoy //CHECK FIX ME!!!! Wind and Earth stones spawning opposite decoys. 
2283,0,0,15,0,0,0,99,0,0,none,0,0,0,0,0,0,0,0,0,0,0,0,0,0,0,0,0,0,0,0,0	//FAW Removal 

//**** 
// SC Shadow Chaser 
2284,0,0,40:45:50:55:60,0,0,0,99,0,0,none,0,0,0,0,0,0,0,0,0,0,0,0,0,0,0,0,0,0,0,0,0	//Fatal Menace 
2285,0,0,40:45:50:55:60:65:70:75:80:85,0,0,0,99,0,0,none,0,0,0,0,0,0,0,0,0,0,0,0,0,0,0,0,0,0,0,0,0	//Reproduce 
2286,0,0,40:45:50:55:60:65:70:75:80:85,0,0,0,99,0,0,none,0,0,0,0,0,0,0,0,0,0,0,0,0,0,0,0,0,0,0,0,0	//Auto Shadow Spell 
2287,0,0,40:50:60:70:80,0,0,0,99,0,0,none,0,0,0,0,0,0,0,0,0,0,0,0,0,0,0,0,0,0,0,0,0	//Shadow Form 
2288,0,0,22:24:26:28:30:32:34:36:38:40,0,0,0,11,0,0,none,0,0,0,0,0,0,0,0,0,0,0,0,0,0,0,0,0,0,0,0,0	//Triangle Shot 
2289,0,0,10:15:20:25:30,0,0,0,99,0,0,none,0,0,0,0,0,0,0,0,0,0,0,0,0,0,0,0,0,0,0,0,0	//Body Painting 
2290,0,0,100,0,0,0,99,0,0,none,0,0,0,0,0,0,0,0,0,0,0,0,0,0,0,0,0,0,0,0,0	//Invisibility 
2291,0,0,40:44:48:52:56,0,0,0,99,0,0,none,0,0,0,0,0,0,0,0,0,0,0,0,0,0,0,0,0,0,0,0,0	//Deadly Infect 
2292,0,0,30:40:50,0,0,0,99,0,0,none,0,0,0,0,0,0,0,0,0,0,0,0,0,0,0,0,0,0,0,0,0	//Masquerade - Enervation 
2293,0,0,30:40:50,0,0,0,99,0,0,none,0,0,0,0,0,0,0,0,0,0,0,0,0,0,0,0,0,0,0,0,0	//Masquerade - Gloomy 
2294,0,0,30:40:50,0,0,0,99,0,0,none,0,0,0,0,0,0,0,0,0,0,0,0,0,0,0,0,0,0,0,0,0	//Masquerade - Ignorance 
2295,0,0,30:40:50,0,0,0,99,0,0,none,0,0,0,0,0,0,0,0,0,0,0,0,0,0,0,0,0,0,0,0,0	//Masquerade - Laziness 
2296,0,0,30:40:50,0,0,0,99,0,0,none,0,0,0,0,0,0,0,0,0,0,0,0,0,0,0,0,0,0,0,0,0	//Masquerade - Unlucky 
2297,0,0,30:40:50,0,0,0,99,0,0,none,0,0,0,0,0,0,0,0,0,0,0,0,0,0,0,0,0,0,0,0,0	//Masquerade - Weakness 
2298,0,0,15:18:21:24:27,0,0,0,99,0,0,none,0,0,0,0,0,0,0,0,0,0,0,0,0,0,0,0,0,0,0,0,0	//Strip Accessory //CHECK Is weapon attack type needed? 
2299,0,0,20:25:30,0,0,0,99,0,0,none,0,0,0,0,0,0,0,0,0,0,0,0,0,0,0,0,0,0,0,0,0	//Man Hole 
2300,0,0,30:36:42,0,0,0,99,0,0,none,0,0,0,0,0,0,0,0,0,0,0,0,0,0,0,0,0,0,0,0,0	//Dimension Door 
2301,0,0,30:36:42,0,0,0,99,0,0,none,0,0,0,0,0,0,0,0,0,0,0,0,0,0,0,0,0,0,0,0,0	//Chaos Panic 
2302,0,0,50:55:60,0,0,0,99,0,0,none,0,0,0,0,0,0,0,0,0,0,0,0,0,0,0,0,0,0,0,0,0	//Maelstrom 
2303,0,0,60:70:80,0,0,0,99,0,0,none,0,0,0,0,0,0,0,0,0,0,0,0,0,0,0,0,0,0,0,0,0	//Bloody Lust 
2304,0,0,24:28:32,0,0,0,99,0,0,none,0,0,0,0,0,0,0,0,0,0,0,0,0,0,0,0,0,0,0,0,0	//Feint Bomb 

//**** 
// LG Royal Guard 
2307,0,0,12:16:20:24:28,0,0,0,4:5,0,0,none,0,0,0,0,0,0,0,0,0,0,0,0,0,0,0,0,0,0,0,0,0	//Cannon Spear 
2308,0,0,20:20:20:20:20:25:25:25:25:25,0,0,0,4:5,0,0,none,0,0,0,0,0,0,0,0,0,0,0,0,0,0,0,0,0,0,0,0,0	//Banishing Point 
2309,0,0,30:45:60,0,0,0,99,0,0,none,0,0,0,0,0,0,0,0,0,0,0,0,0,0,0,0,0,0,0,0,0	//Trample 
2310,0,0,10:12:14:16:18,0,0,0,99,0,0,shield,0,0,0,0,0,0,0,0,0,0,0,0,0,0,0,0,0,0,0,0,0	//Shield Press 
2311,0,0,40:50:60:70:80,0,0,0,99,0,0,shield,0,0,0,0,0,0,0,0,0,0,0,0,0,0,0,0,0,0,0,0,0	//Reflect Damage 
2312,0,0,30,0,0,0,4:5,0,0,none,0,0,0,0,0,0,0,0,0,0,0,0,0,0,0,0,0,0,0,0,0	//Pinpoint Attack 
2313,0,0,30,0,0,0,99,0,0,none,0,0,0,0,0,0,0,0,0,0,0,0,0,0,0,0,0,0,0,0,0	//Force of Vanguard 
2314,0,0,150,0,0,0,99,0,0,none,0,0,0,0,0,0,0,0,0,0,0,0,0,0,0,0,0,0,0,0,0	//Rage Burst 
2315,0,0,50,0,0,0,99,0,0,shield,0,0,0,0,0,0,0,0,0,0,0,0,0,0,0,0,0,0,0,0,0	//Shield Spell 
2316,0,0,24:28:32:36:40,0,0,0,99,0,0,none,0,0,0,0,0,0,0,0,0,0,0,0,0,0,0,0,0,0,0,0,0	//Exceed Break 
2317,0,0,42:44:46:48:50,0,0,0,4:5,0,0,none,0,0,0,0,0,0,0,0,0,0,0,0,0,0,0,0,0,0,0,0,0	//Over Brand //CHECK I know the splash is needed somehow for the strange AoE it gives. 
2318,0,0,75:80:85:90:95,0,0,0,99,0,0,none,0,0,0,0,0,0,0,0,0,0,0,0,0,0,0,0,0,0,0,0,0	//Prestige 
2319,0,0,30:36:42:48:54,0,0,0,99,0,0,none,0,0,0,0,0,0,0,0,0,0,0,0,0,0,0,0,0,0,0,0,0	//Banding //CHECK Splash isnt needed right? Banding has its own UNIT ID. 
2320,0,0,20:24:28:32:36,0,0,0,99,0,0,none,0,0,0,0,0,0,0,0,0,0,0,0,0,0,0,0,0,0,0,0,0	//Moon Slasher 
2321,0,0,60,0,0,0,99,0,0,none,0,0,0,0,0,0,0,0,0,0,0,0,0,0,0,0,0,0,0,0,0	//Ray of Genesis 
2322,0,0,40:45:50:55:60,0,0,0,99,0,0,none,0,0,0,0,0,0,0,0,0,0,0,0,0,0,0,0,0,0,0,0,0	//Piety 
2323,0,0,52:60:68:76:84,0,0,0,99,0,0,shield,0,0,0,0,0,0,0,0,0,0,0,0,0,0,0,0,0,0,0,0,0	//Earth Drive 
2324,0,0,80:90:100:110:120,0,0,0,99,0,0,none,0,0,0,0,0,0,0,0,0,0,0,0,0,0,0,0,0,0,0,0,0	//Hesperus Lit 
2325,0,0,100,0,0,0,99,0,0,none,0,0,0,0,0,0,0,0,0,0,0,0,0,0,0,0,0,0,0,0,0	//Inspiration 

//**** 
// SR Sura 
2326,0,0,3:4:5:6:7:8:9:10:11:12,0,0,0,99,0,0,none,0,0,0,0,0,0,0,0,0,0,0,0,0,0,0,0,0,0,0,0,0	//Dragon Combo //CHECK Is this 2 regular hits or sub hits? Yes its 2 sub hits. 
2327,0,0,8:9:10:11:12,0,0,0,99,0,0,none,0,0,0,0,0,0,0,0,0,0,0,0,0,0,0,0,0,0,0,0,0	//Sky Net Blow //CHECK Video shows 3 hits. Its sub hits right? Data check shows no sub
2328,0,0,36:40:44:48:52,0,0,0,99,0,0,none,1,0,0,0,0,0,0,0,0,0,0,0,0,0,0,0,0,0,0,0,0	//Earth Shaker //CHECK Must add a check in battle.c to triple damage if hitting a hidden target. 
2329,0,0,20:30:40:50:60,0,0,0,99,0,0,none,2,0,0,0,0,0,0,0,0,0,0,0,0,0,0,0,0,0,0,0,0	//Fallen Empire //CHECK Video shows 2 hits. Is it sub hits? Yes its divided between 2 hits. 
2330,0,0,1:2:3:4:5:6:7:8:9:10,-12:-14:-16:-18:-20:-22:-24:-26:-28:-30,-6:-7:-8:-9:-10:-11:-12:-13:-14:-15,0,99,0,0,explosionspirits,2,0,0,0,0,0,0,0,0,0,0,0,0,0,0,0,0,0,0,0,0	//Tiger Cannon //CHECK Need to fix to be enemy targeted and also combo after Fallen Empire. 
2331,0,0,1,0,0,0,99,0,0,none,0,0,0,0,0,0,0,0,0,0,0,0,0,0,0,0,0,0,0,0,0	//Hell Gate 
2332,0,0,110:120:130:140:150,0,0,0,99,0,0,none,0,0,0,0,0,0,0,0,0,0,0,0,0,0,0,0,0,0,0,0,0	//Rampage Blaster 
2333,0,0,80,0,0,0,99,0,0,none,2,0,0,0,0,0,0,0,0,0,0,0,0,0,0,0,0,0,0,0,0	//Crescent Elbow //CHECK Check the autospell ID. 
2334,0,0,40:60:80:100:120,-1:-2:-3:-4:-5,0,0,99,0,0,none,0,0,0,0,0,0,0,0,0,0,0,0,0,0,0,0,0,0,0,0,0	//Cursed Circle //CHECK Code shows it takes up to 5% of your HP upon use? 
2335,0,0,80:70:60:50:40,-5:-4:-3:-2:-1,0,0,99,0,0,none,0,0,0,0,0,0,0,0,0,0,0,0,0,0,0,0,0,0,0,0,0	//Lightning Walk 
2336,0,0,10:15:20:25:30,0,0,0,99,0,0,none,1,0,0,0,0,0,0,0,0,0,0,0,0,0,0,0,0,0,0,0,0	//Knuckle Arrow 
2337,0,0,45,0,0,0,99,0,0,none,0,0,0,0,0,0,0,0,0,0,0,0,0,0,0,0,0,0,0,0,0	//Windmill 
2338,0,0,120,0,0,0,99,0,0,none,0,0,0,0,0,0,0,0,0,0,0,0,0,0,0,0,0,0,0,0,0	//Raising Dragon 
2339,0,0,1,0,0,0,99,0,0,none,0,0,0,0,0,0,0,0,0,0,0,0,0,0,0,0,0,0,0,0,0	//Gentle Touch 
2340,0,0,10,0,0,0,99,0,0,none,0,0,0,0,0,0,0,0,0,0,0,0,0,0,0,0,0,0,0,0,0	//Assimilate Power 
2341,0,0,50,0,0,0,99,0,0,none,5,0,0,0,0,0,0,0,0,0,0,0,0,0,0,0,0,0,0,0,0	//Power Velocity 
2342,0,0,1,0,0,0,99,0,0,none,0,0,0,0,0,0,0,0,0,0,0,0,0,0,0,0,0,0,0,0,0	//Crescent Elbow Autospell //CHECK Does this ignore defense? 
2343,0,0,11:12:13:14:15:16:17:18:19:20,0,-11:-12:-13:-14:-15:-16:-17:-18:-19:-20,0,99,0,0,none,5,0,0,0,0,0,0,0,0,0,0,0,0,0,0,0,0,0,0,0,0	//Gate of Hell //CHECK Need to fix to be enemy targeted and also combo after Fallen Empire 
2344,0,0,20:25:30:35:40,0,0,0,99,0,0,none,0,0,0,0,0,0,0,0,0,0,0,0,0,0,0,0,0,0,0,0,0	//Gentle Touch - Quiet 
2345,0,0,40:50:60:70:80,0,0,0,99,0,0,none,1:2:3:4:5,0,0,0,0,0,0,0,0,0,0,0,0,0,0,0,0,0,0,0,0	//Gentle Touch - Cure //CHECK Its a healing skill. Guessing it has to be magic type? Healing isnt working. 
2346,0,0,40:50:60:70:80,-1:-2:-3:-4:-5,0,0,99,0,0,none,0,0,0,0,0,0,0,0,0,0,0,0,0,0,0,0,0,0,0,0,0	//Gentle Touch - Energy Gain 
2347,0,0,40:50:60:70:80,-2:-4:-6:-8:-10,0,0,99,0,0,none,1:2:3:4:5,0,0,0,0,0,0,0,0,0,0,0,0,0,0,0,0,0,0,0,0	//Gentle Touch - Change 
2348,0,0,40:50:60:70:80,0,0,0,99,0,0,none,1:2:3:4:5,0,0,0,0,0,0,0,0,0,0,0,0,0,0,0,0,0,0,0,0	//Gentle Touch - Revitalize 
//More from SR Sura (but not following ID order) 
2517,0,0,40:45:50:55:60,0,0,0,99,0,0,none,1:2:3:4:5,0,0,0,0,0,0,0,0,0,0,0,0,0,0,0,0,0,0,0,0	//Howling of Lion 
2518,0,0,40:50:60:70:80,0,0,0,99,0,0,none,1:2:3:4:5,0,0,0,0,0,0,0,0,0,0,0,0,0,0,0,0,0,0,0,0	//Ride In Lightening 

//**** 
// WA Wanderer 
2350,0,0,96:112:128:144:160,0,0,0,13:14,0,0,none,0,0,0,0,0,0,0,0,0,0,0,0,0,0,0,0,0,0,0,0,0	//Swing Dance 
2351,0,0,60:69:78:87:96,0,0,0,13:14,0,0,none,0,0,0,0,0,0,0,0,0,0,0,0,0,0,0,0,0,0,0,0,0	//Symphony of Lovers 
2352,0,0,84:96:108:120:134,0,0,0,13:14,0,0,none,0,0,0,0,0,0,0,0,0,0,0,0,0,0,0,0,0,0,0,0,0	//Moonlit Serenade 

//**** 
// MI Minstrel 
2381,0,0,82:88:94:100:106,0,0,0,13:14,0,0,none,0,0,0,0,0,0,0,0,0,0,0,0,0,0,0,0,0,0,0,0,0	//Windmill Rush Attack 
2382,0,0,86:92:98:104:110,0,0,0,13:14,0,0,none,0,0,0,0,0,0,0,0,0,0,0,0,0,0,0,0,0,0,0,0,0	//Echo Song 
2383,0,0,70:75:80:85:90,0,0,0,13:14,0,0,none,0,0,0,0,0,0,0,0,0,0,0,0,0,0,0,0,0,0,0,0,0	//Harmonize 

//**** 
// WM Wanderer/Minstrel 
2413,0,0,64:68:72:76:80,0,0,0,99,0,0,none,0,0,0,0,0,0,0,0,0,0,0,0,0,0,0,0,0,0,0,0,0	//Metallic Sound 
2414,0,0,28:32:38:42:48,0,0,0,99,0,0,none,0,0,0,0,0,0,0,0,0,0,0,0,0,0,0,0,0,0,0,0,0	//Reverberation 
2415,0,0,1,0,0,0,99,0,0,none,0,0,0,0,0,0,0,0,0,0,0,0,0,0,0,0,0,0,0,0,0	//Reverberation Melee 
2416,0,0,1,0,0,0,99,0,0,none,0,0,0,0,0,0,0,0,0,0,0,0,0,0,0,0,0,0,0,0,0	//Reverberation Magic 
2417,0,0,10,0,0,0,99,0,0,none,0,0,0,0,0,0,0,0,0,0,0,0,0,0,0,0,0,0,0,0,0	//Dominion Impulse 
2418,0,0,80:90:100:110:120,0,0,0,11,0,0,none,0,0,0,0,0,0,0,0,0,0,0,0,0,0,0,0,0,0,0,0,0	//Severe Rainstorm 
2419,0,0,12:16:20:24:28,0,0,0,99,0,0,none,0,0,0,0,0,0,0,0,0,0,0,0,0,0,0,0,0,0,0,0,0	//Poem of The Netherworld //CHECK May need to recode too. 
2420,0,0,48:56:64:72:80,0,0,0,13:14,0,0,none,0,0,0,0,0,0,0,0,0,0,0,0,0,0,0,0,0,0,0,0,0	//Voice of Siren 
2421,0,0,50:53:56:59:62,0,0,0,99,0,0,none,0,0,0,0,0,0,0,0,0,0,0,0,0,0,0,0,0,0,0,0,0	//Valley of Death 
2422,0,0,80:90:100:110:120,0,0,0,13:14,0,0,none,0,0,0,0,0,0,0,0,0,0,0,0,0,0,0,0,0,0,0,0,0	//Deep Sleep Lullaby 
2423,0,0,42:46:50:54:58,0,0,0,13:14,0,0,none,0,0,0,0,0,0,0,0,0,0,0,0,0,0,0,0,0,0,0,0,0	//Circle of Nature's Sound 
2424,0,0,40:45:50:55:60,0,0,0,13:14,0,0,none,0,0,0,0,0,0,0,0,0,0,0,0,0,0,0,0,0,0,0,0,0	//Improvised Song 
2425,0,0,60,0,0,0,99,0,0,none,0,0,0,0,0,0,0,0,0,0,0,0,0,0,0,0,0,0,0,0,0	//Gloomy Day 
2426,0,0,80:90:100:110:120,0,0,0,99,0,0,none,0,0,0,0,0,0,0,0,0,0,0,0,0,0,0,0,0,0,0,0,0	//Great Echo 
2427,0,0,120:140:160:180:200,0,0,0,99,0,0,none,0,0,0,0,0,0,0,0,0,0,0,0,0,0,0,0,0,0,0,0,0	//Song of Mana 
2428,0,0,120:140:160:180:200,0,0,0,99,0,0,none,0,0,0,0,0,0,0,0,0,0,0,0,0,0,0,0,0,0,0,0,0	//Dance With A Warg 
2429,0,0,50:60:70:80:90,0,0,0,99,0,0,none,0,0,0,0,0,0,0,0,0,0,0,0,0,0,0,0,0,0,0,0,0	//Sound of Destruction //CHECK Source shows its magic attack. Need to confirm before changing. 
2430,0,0,150:160:170:180:190,0,0,0,99,0,0,none,0,0,0,0,0,0,0,0,0,0,0,0,0,0,0,0,0,0,0,0,0	//Saturday Night Fever 
2431,0,0,120:130:140:150:160,0,0,0,99,0,0,none,0,0,0,0,0,0,0,0,0,0,0,0,0,0,0,0,0,0,0,0,0	//Lerad's Dew 
2432,0,0,120:130:140:150:160,0,0,0,99,0,0,none,0,0,0,0,0,0,0,0,0,0,0,0,0,0,0,0,0,0,0,0,0	//Melody of Sink 
2433,0,0,120:130:140:150:160,0,0,0,99,0,0,none,0,0,0,0,0,0,0,0,0,0,0,0,0,0,0,0,0,0,0,0,0	//Warcry of Beyond 
2434,0,0,120:130:140:150:160,0,0,0,99,0,0,none,0,0,0,0,0,0,0,0,0,0,0,0,0,0,0,0,0,0,0,0,0	//Unlimited Humming Voice 

//**** 
// SO Sorcerer 
2443,0,0,30:34:38:42:46,0,0,0,99,0,0,none,0,0,0,0,0,0,0,0,0,0,0,0,0,0,0,0,0,0,0,0,0	//Fire Walk //CHECK Video and data shows each cell only hits once. 
2444,0,0,30:34:38:42:46,0,0,0,99,0,0,none,0,0,0,0,0,0,0,0,0,0,0,0,0,0,0,0,0,0,0,0,0	//Electric Walk 
2445,0,0,40:44:48:52:56,0,0,0,99,0,0,none,0,0,0,0,0,0,0,0,0,0,0,0,0,0,0,0,0,0,0,0,0	//Spell Fist 
2446,0,0,62:70:78:86:94,0,0,0,99,0,0,none,0,0,0,0,0,0,0,0,0,0,0,0,0,0,0,0,0,0,0,0,0	//Earth Grave 
2447,0,0,50:56:62:68:74,0,0,0,99,0,0,none,0,0,0,0,0,0,0,0,0,0,0,0,0,0,0,0,0,0,0,0,0	//Diamond Dust 
2448,0,0,70:90:110:130:150,0,0,0,99,0,0,none,0,0,0,0,0,0,0,0,0,0,0,0,0,0,0,0,0,0,0,0,0	//Poison Buster 
2449,0,0,48:56:64:70:78,0,0,0,99,0,0,none,0,0,0,0,0,0,0,0,0,0,0,0,0,0,0,0,0,0,0,0,0	//Psychic Wave 
2450,0,0,48:56:64:70:78,0,0,0,99,0,0,none,0,0,0,0,0,0,0,0,0,0,0,0,0,0,0,0,0,0,0,0,0	//Cloud Kill 
2451,0,0,50:55:60:65:70,0,0,0,99,0,0,none,0,0,0,0,0,0,0,0,0,0,0,0,0,0,0,0,0,0,0,0,0	//Striking //CHECK Data shows a % for increased successful refine rate. Is this true? 
2452,0,0,40:52:64:76:88,0,0,0,99,0,0,none,0,0,0,0,0,0,0,0,0,0,0,0,0,0,0,0,0,0,0,0,0	//Warmer 
2453,0,0,34:42:50:58:66,0,0,0,99,0,0,none,0,0,0,0,0,0,0,0,0,0,0,0,0,0,0,0,0,0,0,0,0	//Vacuum Extreme 
2454,0,0,55:62:69:76:83,0,0,0,99,0,0,none,0,0,0,0,0,0,0,0,0,0,0,0,0,0,0,0,0,0,0,0,0	//Varetyr Spear 
2455,0,0,30:35:40:45:50,0,0,0,99,0,0,none,0,0,0,0,0,0,0,0,0,0,0,0,0,0,0,0,0,0,0,0,0	//Arrullo 
2456,0,0,10,0,0,0,99,0,0,elementalspirit,0,0,0,0,0,0,0,0,0,0,0,0,0,0,0,0,0,0,0,0,0	//Spirit Control 
2457,0,0,100:150:200,0,0,0,99,0,0,none,0,0,0,0,0,0,0,0,0,0,0,0,0,0,0,0,0,0,0,0,0	//Summon Fire Spirit Agni 
2458,0,0,100:150:200,0,0,0,99,0,0,none,0,0,0,0,0,0,0,0,0,0,0,0,0,0,0,0,0,0,0,0,0	//Summon Water Spirit Aqua 
2459,0,0,100:150:200,0,0,0,99,0,0,none,0,0,0,0,0,0,0,0,0,0,0,0,0,0,0,0,0,0,0,0,0	//Summon Wind Spirit Ventus 
2460,0,0,100:150:200,0,0,0,99,0,0,none,0,0,0,0,0,0,0,0,0,0,0,0,0,0,0,0,0,0,0,0,0	//Summon Earth Spirit Tera 
2461,0,0,50,0,0,0,99,0,0,elementalspirit,0,0,0,0,0,0,0,0,0,0,0,0,0,0,0,0,0,0,0,0,0	//Elemental Action 
2462,0,0,10:20,0,0,0,99,0,0,none,0,0,0,0,0,0,0,0,0,0,0,0,0,0,0,0,0,0,0,0,0	//Four Spirit Analysis 
2464,0,0,10,0,0,0,99,0,0,elementalspirit,0,0,0,0,0,0,0,0,0,0,0,0,0,0,0,0,0,0,0,0,0	//Spirit Recovery 
2465,0,0,22:30:38,0,0,0,99,0,0,none,0,0,0,0,0,0,0,0,0,0,0,0,0,0,0,0,0,0,0,0,0	//Fire Insignia //CHECK All 4 insignia skills can be targeted and animations work 
2466,0,0,22:30:38,0,0,0,99,0,0,none,0,0,0,0,0,0,0,0,0,0,0,0,0,0,0,0,0,0,0,0,0	//Water Insignia // but its effects havent been coded yet. 
2467,0,0,22:30:38,0,0,0,99,0,0,none,0,0,0,0,0,0,0,0,0,0,0,0,0,0,0,0,0,0,0,0,0	//Wind Insignia 
2468,0,0,22:30:38,0,0,0,99,0,0,none,0,0,0,0,0,0,0,0,0,0,0,0,0,0,0,0,0,0,0,0,0	//Earth Insignia 

//**** 
// GN Genetic 
2476,0,0,30,0,0,0,99,0,0,cart,0,0,0,0,0,0,0,0,0,0,0,0,0,0,0,0,0,0,0,0,0	//Cart Tornado 
2477,0,0,40:42:46:48:50,0,0,0,99,0,0,cart,0,0,0,0,0,0,0,0,0,0,0,0,0,0,0,0,0,0,0,0,0	//Cart Cannon 
2478,0,0,20:24:28:32:36,0,0,0,99,0,0,cart,0,0,0,0,0,0,0,0,0,0,0,0,0,0,0,0,0,0,0,0,0	//Cart Boost 
2479,0,0,22:26:30:34:38,0,0,0,99,0,0,none,0,0,0,0,0,0,0,0,0,0,0,0,0,0,0,0,0,0,0,0,0	//Thorn Trap 
2480,0,0,30:35:40:45:50,0,0,0,99,0,0,none,0,0,0,0,0,0,0,0,0,0,0,0,0,0,0,0,0,0,0,0,0	//Blood Sucker //CHECK Data says its a magic attack. Hmmmm.... 
2481,0,0,55:60:65:70:75,0,0,0,99,0,0,none,0,0,0,0,0,0,0,0,0,0,0,0,0,0,0,0,0,0,0,0,0	//Spore Explosion //CHECK Data says its element is set to neutral. Need to confirm. 
2482,0,0,40:50:60:70:80,0,0,0,99,0,0,none,0,0,0,0,0,0,0,0,0,0,0,0,0,0,0,0,0,0,0,0,0	//Wall of Thorns 
2483,0,0,24:28:32:36:40:44:48:52:56:60,0,0,0,99,0,0,none,0,0,0,0,0,0,0,0,0,0,0,0,0,0,0,0,0,0,0,0,0	//Crazy Weed 
2484,0,0,1,0,0,0,99,0,0,none,0,0,0,0,0,0,0,0,0,0,0,0,0,0,0,0,0,0,0,0,0	//Crazy Weed Attack 
2485,0,0,24:28:32:36:40,0,0,0,99,0,0,none,0,0,0,0,0,0,0,0,0,0,0,0,0,0,0,0,0,0,0,0,0	//Demonic Fire 
2486,0,0,30:35:40:45:50,0,0,0,99,0,0,none,0,0,0,0,0,0,0,0,0,0,0,0,0,0,0,0,0,0,0,0,0	//Fire Expansion //CHECK FIX ME!!!! Level 1 is reducing the damage. Should increase it by 50% 
2487,0,0,1,0,0,0,99,0,0,none,0,0,0,0,0,0,0,0,0,0,0,0,0,0,0,0,0,0,0,0,0	//Fire Expansion Smoke Powder 
2488,0,0,1,0,0,0,99,0,0,none,0,0,0,0,0,0,0,0,0,0,0,0,0,0,0,0,0,0,0,0,0	//Fire Expansion Tear Gas 
2489,0,0,1,0,0,0,99,0,0,none,0,0,0,0,0,0,0,0,0,0,0,0,0,0,0,0,0,0,0,0,0	//Fire Expansion Acid 
2490,0,0,40:45:50:55:60,0,0,0,99,0,0,none,0,0,0,0,0,0,0,0,0,0,0,0,0,0,0,0,0,0,0,0,0	//Hell's Plant 
2491,0,0,1,0,0,0,99,0,0,none,0,0,0,0,0,0,0,0,0,0,0,0,0,0,0,0,0,0,0,0,0	//Hell's Plant Attack 
2492,0,0,40:45:50:55:60,0,0,0,99,0,0,none,0,0,0,0,0,0,0,0,0,0,0,0,0,0,0,0,0,0,0,0,0	//Howling of Mandragora 
2493,0,0,4,0,0,0,99,0,0,none,0,0,0,0,0,0,0,0,0,0,0,0,0,0,0,0,0,0,0,0,0	//Sling Item 
2494,0,0,5,0,0,0,99,0,0,none,0,0,0,0,0,0,0,0,0,0,0,0,0,0,0,0,0,0,0,0,0	//Change Material 
2495,0,0,5:40,0,0,0,99,0,0,none,0,0,0,0,0,0,0,0,0,0,0,0,0,0,0,0,0,0,0,0,0	//Mix Cooking 
2496,0,0,5:40,0,0,0,99,0,0,none,0,0,0,0,0,0,0,0,0,0,0,0,0,0,0,0,0,0,0,0,0	//Create Bomb 
2497,0,0,12,0,0,0,99,0,0,none,0,0,0,0,0,0,0,0,0,0,0,0,0,0,0,0,0,0,0,0,0	//Special Pharmacy 
2498,0,0,1,0,0,0,99,0,0,none,0,0,0,0,0,0,0,0,0,0,0,0,0,0,0,0,0,0,0,0,0	//Sling Item Attack 


//2533,0,0,1,0,0,0,99,0,0,none,0,0,0,0,0,0,0,0,0,0,0,0,0,0,0,0,0,0,0,0,0 
2534,0,0,1,0,0,0,99,0,0,none,0,0,0,0,0,0,0,0,0,0,0,0,0,0,0,0,0,0,0,0,0	//Return To Eldicastes 
2535,0,0,1,0,0,0,99,0,0,none,0,0,0,0,0,0,0,0,0,0,0,0,0,0,0,0,0,0,0,0,0	//Open Buying Store 
2536,0,0,1,0,0,0,99,0,0,none,0,0,0,0,0,0,0,0,0,0,0,0,0,0,0,0,0,0,0,0,0	//Guardian's Recall 
2537,0,0,1,0,0,0,99,0,0,none,0,0,0,0,0,0,0,0,0,0,0,0,0,0,0,0,0,0,0,0,0	//Odin's Power 

//2538,0,0,1,0,0,0,99,0,0,none,0,0,0,0,0,0,0,0,0,0,0,0,0,0,0,0,0,0,0,0,0 

//2542,0,0,1,0,0,0,99,0,0,none,0,0,0,0,0,0,0,0,0,0,0,0,0,0,0,0,0,0,0,0,0 
//2543,0,0,1,0,0,0,99,0,0,none,0,0,0,0,0,0,0,0,0,0,0,0,0,0,0,0,0,0,0,0,0 
//2544,0,0,1,0,0,0,99,0,0,none,0,0,0,0,0,0,0,0,0,0,0,0,0,0,0,0,0,0,0,0,0 

// Rebellion 
2551,0,0,1,0,0,0,99,0,0,none,0,0,0,0,0,0,0,0,0,0,0,0,0,0,0,0,0,0,0,0,0	//Flip The Coin Greed//Not in the skill tree. Why and what does it do? Need real max level. 
2552,0,0,1,0,0,0,99,0,0,none,0,0,0,0,0,0,0,0,0,0,0,0,0,0,0,0,0,0,0,0,0	//Rich's Coin 
2553,0,0,1,0,0,0,99,0,0,none,0,0,0,0,0,0,0,0,0,0,0,0,0,0,0,0,0,0,0,0,0	//Mass Spiral 
2554,0,0,1,0,0,0,99,0,0,none,0,0,0,0,0,0,0,0,0,0,0,0,0,0,0,0,0,0,0,0,0	//Banishing Buster 
2555,0,0,1,0,0,0,99,0,0,none,0,0,0,0,0,0,0,0,0,0,0,0,0,0,0,0,0,0,0,0,0	//Bind Trap 
2556,0,0,1,0,0,0,99,0,0,none,0,0,0,0,0,0,0,0,0,0,0,0,0,0,0,0,0,0,0,0,0	//Flicker 
2557,0,0,1,0,0,0,99,0,0,none,0,0,0,0,0,0,0,0,0,0,0,0,0,0,0,0,0,0,0,0,0	//Shatter Storm 
2558,0,0,1,0,0,0,99,0,0,none,0,0,0,0,0,0,0,0,0,0,0,0,0,0,0,0,0,0,0,0,0	//Eternal Chain 
2559,0,0,1,0,0,0,99,0,0,none,0,0,0,0,0,0,0,0,0,0,0,0,0,0,0,0,0,0,0,0,0	//Quick Draw Shot 
2560,0,0,1,0,0,0,99,0,0,none,0,0,0,0,0,0,0,0,0,0,0,0,0,0,0,0,0,0,0,0,0	//Crimson Marker 
2561,0,0,1,0,0,0,99,0,0,none,0,0,0,0,0,0,0,0,0,0,0,0,0,0,0,0,0,0,0,0,0	//Fire Dance 
2562,0,0,1,0,0,0,99,0,0,none,0,0,0,0,0,0,0,0,0,0,0,0,0,0,0,0,0,0,0,0,0	//Howling Mine 
2563,0,0,1,0,0,0,99,0,0,none,0,0,0,0,0,0,0,0,0,0,0,0,0,0,0,0,0,0,0,0,0	//Platinum Alter 
2564,0,0,1,0,0,0,99,0,0,none,0,0,0,0,0,0,0,0,0,0,0,0,0,0,0,0,0,0,0,0,0	//Fallen Angel 
2565,0,0,1,0,0,0,99,0,0,none,0,0,0,0,0,0,0,0,0,0,0,0,0,0,0,0,0,0,0,0,0	//Round Trip 
2566,0,0,1,0,0,0,99,0,0,none,0,0,0,0,0,0,0,0,0,0,0,0,0,0,0,0,0,0,0,0,0	//Dragon Tail 
2567,0,0,1,0,0,0,99,0,0,none,0,0,0,0,0,0,0,0,0,0,0,0,0,0,0,0,0,0,0,0,0	//Fire Rain 
2568,0,0,1,0,0,0,99,0,0,none,0,0,0,0,0,0,0,0,0,0,0,0,0,0,0,0,0,0,0,0,0	//Heat Barrel 
2569,0,0,1,0,0,0,99,0,0,none,0,0,0,0,0,0,0,0,0,0,0,0,0,0,0,0,0,0,0,0,0	//Anti-Material Blast 
2570,0,0,1,0,0,0,99,0,0,none,0,0,0,0,0,0,0,0,0,0,0,0,0,0,0,0,0,0,0,0,0	//Slug Shot 
2571,0,0,1,0,0,0,99,0,0,none,0,0,0,0,0,0,0,0,0,0,0,0,0,0,0,0,0,0,0,0,0	//Hammer of God 
2572,0,0,1,0,0,0,99,0,0,none,0,0,0,0,0,0,0,0,0,0,0,0,0,0,0,0,0,0,0,0,0	//Round Trip Plus Attack 
2573,0,0,1,0,0,0,99,0,0,none,0,0,0,0,0,0,0,0,0,0,0,0,0,0,0,0,0,0,0,0,0	//Bind Flicker Attack//Max level guess based on Bind Trap max level. 
2574,0,0,1,0,0,0,99,0,0,none,0,0,0,0,0,0,0,0,0,0,0,0,0,0,0,0,0,0,0,0,0	//Flip The Coin Greed Attack//Guess on max level is from Flip The Coin Greed 

//**** 
// Kagerou/Oboro 
3001,0,0,10,0,0,0,99,0,0,none,0,0,0,0,0,0,0,0,0,0,0,0,0,0,0,0,0,0,0,0,0	//Yamikumo 
3004,0,0,10:12:14:16:18,0,0,0,25:26:28,0,0,none,0,0,0,0,0,0,0,0,0,0,0,0,0,0,0,0,0,0,0,0,0	//Cross Strike 
3005,0,0,12:16:20:24:28,0,0,0,99,0,0,none,0,0,0,0,0,0,0,0,0,0,0,0,0,0,0,0,0,0,0,0,0	//Soul Sever 
3006,0,0,5:6:7:8:9,0,0,0,99,0,0,none,0,0,0,0,0,0,0,0,0,0,0,0,0,0,0,0,0,0,0,0,0	//Bakuretsu Kunai 
3007,0,0,8:9:10:11:12,0,0,0,99,0,0,none,0,0,0,0,0,0,0,0,0,0,0,0,0,0,0,0,0,0,0,0,0	//Happo Kunai 
3008,0,0,50,0,0,10000:20000:30000:40000:50000:60000:70000:80000:90000:100000,99,0,0,none,0,0,0,0,0,0,0,0,0,0,0,0,0,0,0,0,0,0,0,0,0	//Mucha Nage 
3009,0,0,24:28:32:36:40,0,0,0,22,0,0,none,0,0,0,0,0,0,0,0,0,0,0,0,0,0,0,0,0,0,0,0,0	//Huuma Shuriken Ranka 
3010,0,0,9:12:15:18:21,0,0,0,99,0,0,none,0,0,0,0,0,0,0,0,0,0,0,0,0,0,0,0,0,0,0,0,0	//Makibishi 
3011,0,0,100,0,0,0,99,0,0,none,0,0,0,0,0,0,0,0,0,0,0,0,0,0,0,0,0,0,0,0,0	//Meikyo Shisui 
3012,0,0,40:44:48:52:56,0,0,0,99,0,0,none,0,0,0,0,0,0,0,0,0,0,0,0,0,0,0,0,0,0,0,0,0	//Zanzou 
3013,0,0,40:44:48:52:56,0,0,0,99,0,0,none,0,0,0,0,0,0,0,0,0,0,0,0,0,0,0,0,0,0,0,0,0	//Kyougaku 
3014,0,0,40:44:48:52:56,0,0,0,99,0,0,none,0,0,0,0,0,0,0,0,0,0,0,0,0,0,0,0,0,0,0,0,0	//Jyusatsu 
3015,0,0,20,0,0,0,99,0,0,none,0,0,0,0,0,0,0,0,0,0,0,0,0,0,0,0,0,0,0,0,0	//Kahu Enten 
3016,0,0,20,0,0,0,99,0,0,none,0,0,0,0,0,0,0,0,0,0,0,0,0,0,0,0,0,0,0,0,0	//Hyouhu Hubuki 
3017,0,0,20,0,0,0,99,0,0,none,0,0,0,0,0,0,0,0,0,0,0,0,0,0,0,0,0,0,0,0,0	//Kazehu Seiran 
3018,0,0,20,0,0,0,99,0,0,none,0,0,0,0,0,0,0,0,0,0,0,0,0,0,0,0,0,0,0,0,0	//Dohu Koukai	
3019,0,0,10,0,0,0,99,0,0,none,0,0,0,0,0,0,0,0,0,0,0,0,0,0,0,0,0,0,0,0,0	//Technique Kaihou 
3020,0,0,30,0,0,0,99,0,0,none,0,0,0,0,0,0,0,0,0,0,0,0,0,0,0,0,0,0,0,0,0	//Zenkai 
3021,0,0,40:44:48:52:56,0,0,0,99,0,0,none,0,0,0,0,0,0,0,0,0,0,0,0,0,0,0,0,0,0,0,0,0	//Genwaku 
3022,0,0,70:75:80:85:90,0,0,0,99,0,0,none,0,0,0,0,0,0,0,0,0,0,0,0,0,0,0,0,0,0,0,0,0	//Izayoi 
3023,0,0,60:65:70:75:80,0,0,0,99,0,0,none,0,0,0,0,0,0,0,0,0,0,0,0,0,0,0,0,0,0,0,0,0	//Kagehumi 
3024,0,0,50,0,0,0,99,0,0,none,0,0,0,0,0,0,0,0,0,0,0,0,0,0,0,0,0,0,0,0,0	//Kyomu 
3025,0,0,25:30:35:40:45,0,0,0,99,0,0,none,0,0,0,0,0,0,0,0,0,0,0,0,0,0,0,0,0,0,0,0,0	//Kagemusha 
3026,0,0,60:70:80:90:100 ,0,0,0,99,0,0,none,0,0,0,0,0,0,0,0,0,0,0,0,0,0,0,0,0,0,0,0,0	//Zangetsu 
3027,0,0,55:60:65:70:75 ,0,0,0,99,0,0,none,0,0,0,0,0,0,0,0,0,0,0,0,0,0,0,0,0,0,0,0,0	//Oboro Gensou 
3029,0,0,20:30:40:50:60,0,0,0,99,0,0,none,0,0,0,0,0,0,0,0,0,0,0,0,0,0,0,0,0,0,0,0,0	//Akaitsuki 

// EP 14.3 Part 2 3rd Job Skills 
5001,0,0,22:34:46:58:70,0,0,0,99,0,0,none,0,0,0,0,0,0,0,0,0,0,0,0,0,0,0,0,0,0,0,0,0	//Dark Claw 
5002,0,0,100:120:140:160:180,0,0,0,99,0,0,none,0,0,0,0,0,0,0,0,0,0,0,0,0,0,0,0,0,0,0,0,0	//Unlimited 
5003,0,0,60:70:80:90:100,0,0,0,99,0,0,none,0,0,0,0,0,0,0,0,0,0,0,0,0,0,0,0,0,0,0,0,0	//Illusion Doping 
5004,0,0,30:35:40:45:50:55:60:65:70:75,0,0,0,99,0,0,dragon,0,0,0,0,0,0,0,0,0,0,0,0,0,0,0,0,0,0,0,0,0	//Dragon Breath - Water 
5005,0,0,1,0,0,0,99,0,0,none,0,0,0,0,0,0,0,0,0,0,0,0,0,0,0,0,0,0,0,0,0	//Lux Anima 
5006,0,0,60:70:80:90:100,0,0,0,99,0,0,none,0,0,0,0,0,0,0,0,0,0,0,0,0,0,0,0,0,0,0,0,0	//Magma Eruption 
5007,0,0,200:230:260:290:320,0,0,0,99,0,0,none,0,0,0,0,0,0,0,0,0,0,0,0,0,0,0,0,0,0,0,0,0	//Frigg's Song 
5008,0,0,120:120:120:120:120,0,0,0,99,0,0,elementalspirit,0,0,0,0,0,0,0,0,0,0,0,0,0,0,0,0,0,0,0,0,0	//Elemental Shield 
5009,0,0,75:65:55:45:35,0,0,0,99,0,0,none,5:5:4:4:3,0,0,0,0,0,0,0,0,0,0,0,0,0,0,0,0,0,0,0,0	//Flash Combo 
5010,0,0,30:26:22:18:14,0,0,0,99,0,0,none,0,0,0,0,0,0,0,0,0,0,0,0,0,0,0,0,0,0,0,0,0	//Emergency Escape 
5011,0,0,30:60:90:120:150,0,0,0,99,0,0,none,0,0,0,0,0,0,0,0,0,0,0,0,0,0,0,0,0,0,0,0,0	//Offertorium 
5012,0,0,100:150:200:250:300,0,0,0,99,0,0,none,0,0,0,0,0,0,0,0,0,0,0,0,0,0,0,0,0,0,0,0,0	//Intense Telekinesis 
5013,0,0,200:180:160:140:120,0,0,0,99,0,0,none,0,0,0,0,0,0,0,0,0,0,0,0,0,0,0,0,0,0,0,0,0	//King's Grace 
5014,0,0,1:1:1:1:1,0,0,0,99,0,0,none,0,0,0,0,0,0,0,0,0,0,0,0,0,0,0,0,0,0,0,0,0	//Full Throttle 
5015,0,0,1,0,0,0,99,0,0,none,0,0,0,0,0,0,0,0,0,0,0,0,0,0,0,0,0,0,0,0,0	//Flash Combo Attack Step 1 
5016,0,0,1,0,0,0,99,0,0,none,0,0,0,0,0,0,0,0,0,0,0,0,0,0,0,0,0,0,0,0,0	//Flash Combo Attack Step 2 
5017,0,0,1,0,0,0,99,0,0,none,0,0,0,0,0,0,0,0,0,0,0,0,0,0,0,0,0,0,0,0,0	//Flash Combo Attack Step 3 
5018,0,0,1,0,0,0,99,0,0,none,0,0,0,0,0,0,0,0,0,0,0,0,0,0,0,0,0,0,0,0,0	//Flash Combo Attack Step 4 

10010,0,0,1,0,0,0,99,0,0,none,0,0,0,0,0,0,0,0,0,0,0,0,0,0,0,0,0,0,0,0,0	//Battle Orders 
10011,0,0,1,0,0,0,99,0,0,none,0,0,0,0,0,0,0,0,0,0,0,0,0,0,0,0,0,0,0,0,0	//Regeneration 
10012,0,0,1,0,0,0,99,0,0,none,0,0,0,0,0,0,0,0,0,0,0,0,0,0,0,0,0,0,0,0,0	//Restoration 
10013,0,0,1,0,0,0,99,0,0,none,0,0,0,0,0,0,0,0,0,0,0,0,0,0,0,0,0,0,0,0,0	//Urgent Call 

8001,0,0,13:16:19:22:25,0,0,0,99,0,0,none,0,0,0,0,0,0,0,0,0,0,0,0,0,0,0,0,0,0,0,0,0	//Healing Touch 
8002,0,0,20:25:30:35:40,0,0,0,99,0,0,none,0,0,0,0,0,0,0,0,0,0,0,0,0,0,0,0,0,0,0,0,0	//Avoid 
8004,0,0,100,0,0,0,99,0,0,none,0,0,0,0,0,0,0,0,0,0,0,0,0,0,0,0,0,0,0,0,0	//Change 
8005,0,0,10,0,0,0,99,0,0,none,0,0,0,0,0,0,0,0,0,0,0,0,0,0,0,0,0,0,0,0,0	//Castling 
8006,0,0,20:25:30:35:40,0,0,0,99,0,0,none,0,0,0,0,0,0,0,0,0,0,0,0,0,0,0,0,0,0,0,0,0	//Defense 
8008,0,0,120,0,0,0,99,0,0,none,0,0,0,0,0,0,0,0,0,0,0,0,0,0,0,0,0,0,0,0,0	//Bloodlust 
8009,0,0,4:8:12:16:20,0,0,0,99,0,0,none,0,0,0,0,0,0,0,0,0,0,0,0,0,0,0,0,0,0,0,0,0	//Moonlight 
8010,0,0,30:40:50:60:70,0,0,0,99,0,0,none,0,0,0,0,0,0,0,0,0,0,0,0,0,0,0,0,0,0,0,0,0	//Fleeting Move 
8011,0,0,30:40:50:60:70,0,0,0,99,0,0,none,0,0,0,0,0,0,0,0,0,0,0,0,0,0,0,0,0,0,0,0,0	//Speed 
8012,0,0,1,0,0,0,99,0,0,none,0,0,0,0,0,0,0,0,0,0,0,0,0,0,0,0,0,0,0,0,0	//S.B.R.44 
8013,0,0,22:24:26:28:30,0,0,0,99,0,0,none,0,0,0,0,0,0,0,0,0,0,0,0,0,0,0,0,0,0,0,0,0	//Caprice 
8014,0,0,40,0,0,0,99,0,0,none,0,0,0,0,0,0,0,0,0,0,0,0,0,0,0,0,0,0,0,0,0	//Benediction of Chaos 
8016,0,0,1,0,0,0,99,0,0,none,0,0,0,0,0,0,0,0,0,0,0,0,0,0,0,0,0,0,0,0,0	//Bio Explosion 
8018,0,0,60:80:100:120:140,0,0,0,99,0,0,none,0,0,0,0,0,0,0,0,0,0,0,0,0,0,0,0,0,0,0,0,0	//Summon Legion 
8019,0,0,48:60:72:84:96,0,0,0,99,0,0,none,0,0,0,0,0,0,0,0,0,0,0,0,0,0,0,0,0,0,0,0,0	//Needle of Paralyze 
8020,0,0,65:75:85:95:105,0,0,0,99,0,0,none,0,0,0,0,0,0,0,0,0,0,0,0,0,0,0,0,0,0,0,0,0	//Poison Mist 
8021,0,0,48:52:56:60:64,0,0,0,99,0,0,none,0,0,0,0,0,0,0,0,0,0,0,0,0,0,0,0,0,0,0,0,0	//Pain Killer 
8022,0,0,40:50:60:70:80,0,0,0,99,0,0,none,0,0,0,0,0,0,0,0,0,0,0,0,0,0,0,0,0,0,0,0,0	//Light of Regene 
8023,0,0,70:90:110:130:150,0,0,0,99,0,0,none,0,0,0,0,0,0,0,0,0,0,0,0,0,0,0,0,0,0,0,0,0	//Overed Boost 
8024,0,0,25:30:35:40:45,0,0,0,99,0,0,none,0,0,0,0,0,0,0,0,0,0,0,0,0,0,0,0,0,0,0,0,0	//Eraser Cutter 
8025,0,0,90:100:110:120:130,0,0,0,99,0,0,none,0,0,0,0,0,0,0,0,0,0,0,0,0,0,0,0,0,0,0,0,0	//Xeno Slasher 
8026,0,0,45:54:63:72:81,0,0,0,99,0,0,none,0,0,0,0,0,0,0,0,0,0,0,0,0,0,0,0,0,0,0,0,0	//Silent Breeze 
8027,0,0,35,0,0,0,99,0,0,none,0,0,0,0,0,0,0,0,0,0,0,0,0,0,0,0,0,0,0,0,0	//Style Change 
8028,0,0,20:25:30:35:40,0,0,0,99,0,0,mh_fighting,0,0,0,0,0,0,0,0,0,0,0,0,0,0,0,0,0,0,0,0,0	//Sonic Claw 
8029,0,0,10:15:20:25:30,0,0,0,99,0,0,none,1,0,0,0,0,0,0,0,0,0,0,0,0,0,0,0,0,0,0,0,0	//Silver Bain Rush 
8030,0,0,8:16:24:32:40,0,0,0,99,0,0,none,2,0,0,0,0,0,0,0,0,0,0,0,0,0,0,0,0,0,0,0,0	//Midnight Frenzy 
8031,0,0,40:45:50:55:60,0,0,0,99,0,0,none,0,0,0,0,0,0,0,0,0,0,0,0,0,0,0,0,0,0,0,0,0	//Steel Horn 
8032,0,0,60:65:70:75:80,0,0,0,99,0,0,none,0,0,0,0,0,0,0,0,0,0,0,0,0,0,0,0,0,0,0,0,0	//Golden Heel 
8033,0,0,80:90:100:110:120,0,0,0,99,0,0,none,0,0,0,0,0,0,0,0,0,0,0,0,0,0,0,0,0,0,0,0,0	//Stone Wall 
8034,0,0,60:68:76:84:100,0,0,0,99,0,0,none,0,0,0,0,0,0,0,0,0,0,0,0,0,0,0,0,0,0,0,0,0	//Holy Pole 
8035,0,0,60:65:70:75:80,0,0,0,99,0,0,none,0,0,0,0,0,0,0,0,0,0,0,0,0,0,0,0,0,0,0,0,0	//Attack Mode 
8036,0,0,20:25:30:35:40,0,0,0,99,0,0,mh_grappling,1,0,0,0,0,0,0,0,0,0,0,0,0,0,0,0,0,0,0,0,0	//Tinder Breaker 
8037,0,0,10:20:30:40:50,0,0,0,99,0,0,0,1,0,0,0,0,0,0,0,0,0,0,0,0,0,0,0,0,0,0,0,0	//Continual Break Combo 
8038,0,0,24:28:32:36:40,0,0,0,99,0,0,none,2,0,0,0,0,0,0,0,0,0,0,0,0,0,0,0,0,0,0,0,0	//Eternal Quick Combo 
8039,0,0,34:38:42:46:50,0,0,0,99,0,0,none,0,0,0,0,0,0,0,0,0,0,0,0,0,0,0,0,0,0,0,0,0	//Magma Flow 
8040,0,0,54:58:62:66:70,0,0,0,99,0,0,none,0,0,0,0,0,0,0,0,0,0,0,0,0,0,0,0,0,0,0,0,0	//Granitic Armor 
8041,0,0,30:35:40:45:50,0,0,0,99,0,0,none,0,0,0,0,0,0,0,0,0,0,0,0,0,0,0,0,0,0,0,0,0	//Lava Slide 
8042,0,0,20:28:36:44:52,0,0,0,99,0,0,none,0,0,0,0,0,0,0,0,0,0,0,0,0,0,0,0,0,0,0,0,0	//Pyroclastic 
8043,0,0,60:65:70:75:80,0,0,0,99,0,0,none,0,0,0,0,0,0,0,0,0,0,0,0,0,0,0,0,0,0,0,0,0	//Volcanic Ash 

8201,0,0,8:8:8:8:8:15:15:15:15:15,0,0,0,0:1:2:3:4:5:6:7:8:9:10:12:13:14:15:16:17:18:19:20:21:22,0,0,none,0,0,0,0,0,0,0,0,0,0,0,0,0,0,0,0,0,0,0,0,0	//Bash 
8202,20:20:19:19:18:18:17:17:16:16,0,30,0,0,0,99,0,0,none,0,0,0,0,0,0,0,0,0,0,0,0,0,0,0,0,0,0,0,0,0	//Magnum_Break 
8203,0,0,13:14:15:16:17:18:19:20:21:22,0,0,0,99,0,0,none,0,0,0,0,0,0,0,0,0,0,0,0,0,0,0,0,0,0,0,0,0	//Bowling_Bash 
8204,0,0,50,0,0,0,99,0,0,none,0,0,0,0,0,0,0,0,0,0,0,0,0,0,0,0,0,0,0,0,0	//Parry 
8205,0,0,35:40:45:50:55:60:65:70:75:80,0,0,0,99,0,0,none,0,0,0,0,0,0,0,0,0,0,0,0,0,0,0,0,0,0,0,0,0	//Shield_Reflect 
8206,0,0,100,0,0,0,99,0,0,none,0,0,0,0,0,0,0,0,0,0,0,0,0,0,0,0,0,0,0,0,0	//Frenzy 
8207,0,0,12,0,0,0,99,0,0,none,0,0,0,0,0,0,0,0,0,0,0,0,0,0,0,0,0,0,0,0,0	//Double_Strafe 
8208,0,0,15,0,0,0,99,0,0,none,0,0,0,0,0,0,0,0,0,0,0,0,0,0,0,0,0,0,0,0,0	//Arrow_Shower 
8209,0,0,10,0,0,0,99,0,0,none,0,0,0,0,0,0,0,0,0,0,0,0,0,0,0,0,0,0,0,0,0	//Skid_Trap 
8210,0,0,10,0,0,0,99,0,0,none,0,0,0,0,0,0,0,0,0,0,0,0,0,0,0,0,0,0,0,0,0	//Land_Mine 
8211,0,0,12,0,0,0,99,0,0,none,0,0,0,0,0,0,0,0,0,0,0,0,0,0,0,0,0,0,0,0,0	//Sandman 
8212,0,0,10,0,0,0,99,0,0,none,0,0,0,0,0,0,0,0,0,0,0,0,0,0,0,0,0,0,0,0,0	//Freezing_Trap 
8213,0,0,5,0,0,0,99,0,0,none,0,0,0,0,0,0,0,0,0,0,0,0,0,0,0,0,0,0,0,0,0	//Remove_Trap 
8214,0,0,15,0,0,0,99,0,0,none,0,0,0,0,0,0,0,0,0,0,0,0,0,0,0,0,0,0,0,0,0	//Arrow_Repel 
8215,0,0,18:21:24:27:30,0,0,0,99,0,0,none,0,0,0,0,0,0,0,0,0,0,0,0,0,0,0,0,0,0,0,0,0	//Focused_Arrow_Strike 
8216,0,0,7,0,0,0,99,0,0,none,0,0,0,0,0,0,0,0,0,0,0,0,0,0,0,0,0,0,0,0,0	//Pierce 
8217,0,0,12,0,0,0,99,0,0,none,0,0,0,0,0,0,0,0,0,0,0,0,0,0,0,0,0,0,0,0,0	//Brandish_Spear 
8218,0,0,18:21:24:27:30,0,0,0,99,0,0,none,0,0,0,0,0,0,0,0,0,0,0,0,0,0,0,0,0,0,0,0,0	//Spiral_Pierce 
8219,0,0,30,0,0,0,99,0,0,shield,0,0,0,0,0,0,0,0,0,0,0,0,0,0,0,0,0,0,0,0,0	//Defending_Aura 
8220,0,0,12:14:16:18:20:22:24:26:28:30,0,0,0,99,0,0,none,0,0,0,0,0,0,0,0,0,0,0,0,0,0,0,0,0,0,0,0,0	//Guard 
8221,0,0,25,0,0,0,99,0,0,none,0,0,0,0,0,0,0,0,0,0,0,0,0,0,0,0,0,0,0,0,0	//Sacrifice 
8222,0,0,40,0,0,0,99,0,0,none,0,0,0,0,0,0,0,0,0,0,0,0,0,0,0,0,0,0,0,0,0	//Magnificat 
8223,0,0,14:18:22:26:30:34:38:42:46:50,0,0,0,99,0,0,none,0,0,0,0,0,0,0,0,0,0,0,0,0,0,0,0,0,0,0,0,0	//Two-Hand_Quicken 
8224,0,0,10,0,0,0,99,0,0,none,0,0,0,0,0,0,0,0,0,0,0,0,0,0,0,0,0,0,0,0,0	//Sight 
8225,0,0,10,0,0,0,99,0,0,none,0,0,0,0,0,0,0,0,0,0,0,0,0,0,0,0,0,0,0,0,0	//Crash 
8226,0,0,10,0,0,0,99,0,0,none,0,0,0,0,0,0,0,0,0,0,0,0,0,0,0,0,0,0,0,0,0	//Regain 
8227,0,0,10,0,0,0,99,0,0,none,0,0,0,0,0,0,0,0,0,0,0,0,0,0,0,0,0,0,0,0,0	//Tender 
8228,0,0,10,0,0,0,99,0,0,none,0,0,0,0,0,0,0,0,0,0,0,0,0,0,0,0,0,0,0,0,0	//Benediction 
8229,0,0,10,0,0,0,99,0,0,none,0,0,0,0,0,0,0,0,0,0,0,0,0,0,0,0,0,0,0,0,0	//Recuperate 
8230,0,0,10,0,0,0,99,0,0,none,0,0,0,0,0,0,0,0,0,0,0,0,0,0,0,0,0,0,0,0,0	//Mental_Cure 
8231,0,0,10,0,0,0,99,0,0,none,0,0,0,0,0,0,0,0,0,0,0,0,0,0,0,0,0,0,0,0,0	//Compress 
8232,0,0,4:5:6:7:8:9:10:11:12:13,0,0,0,99,0,0,none,0,0,0,0,0,0,0,0,0,0,0,0,0,0,0,0,0,0,0,0,0	//Provoke 
8233,0,0,5,0,0,0,99,0,0,none,0,0,0,0,0,0,0,0,0,0,0,0,0,0,0,0,0,0,0,0,0	//Berserk 
8234,0,0,15:17:19:21:23:25:27:29:31:33,0,0,0,99,0,0,none,0,0,0,0,0,0,0,0,0,0,0,0,0,0,0,0,0,0,0,0,0	//Decrease_AGI 
8235,0,0,10,100,0,0,99,0,0,none,0,0,0,0,0,0,0,0,0,0,0,0,0,0,0,0,0,0,0,0,0	//Scapegoat 
8236,0,0,20:20:20:20:20:18:16:14:12:10,0,0,0,99,0,0,none,0,0,0,0,0,0,0,0,0,0,0,0,0,0,0,0,0,0,0,0,0	//Lex_Divina 
8237,0,0,10,0,0,0,99,0,0,none,0,0,0,0,0,0,0,0,0,0,0,0,0,0,0,0,0,0,0,0,0	//Sense 
8238,0,0,20:20:20:25:25:25:30:30:30:35,0,0,0,99,0,0,none,0,0,0,0,0,0,0,0,0,0,0,0,0,0,0,0,0,0,0,0,0	//Kyrie Eleison 
8239,0,0,28:32:36:40:44:48:52:56:60:64,0,0,0,99,0,0,none,0,0,0,0,0,0,0,0,0,0,0,0,0,0,0,0,0,0,0,0,0	//Blessing 
8240,15,0,18:21:24:27:30:33:36:39:42:45,0,0,0,99,0,0,none,0,0,0,0,0,0,0,0,0,0,0,0,0,0,0,0,0,0,0,0,0	//Increase Agility 

// Elemental Spirits Skills 
8401,0,0,40,0,0,0,99,0,0,none,0,0,0,0,0,0,0,0,0,0,0,0,0,0,0,0,0,0,0,0,0	//Circle of Fire 
8402,0,0,60,0,0,0,99,0,0,none,0,0,0,0,0,0,0,0,0,0,0,0,0,0,0,0,0,0,0,0,0	//Fire Cloak 
8403,0,0,80,0,0,0,99,0,0,none,0,0,0,0,0,0,0,0,0,0,0,0,0,0,0,0,0,0,0,0,0	//Fire Mantle 
8404,0,0,40,0,0,0,99,0,0,none,0,0,0,0,0,0,0,0,0,0,0,0,0,0,0,0,0,0,0,0,0	//Water Screen 
8405,0,0,60,0,0,0,99,0,0,none,0,0,0,0,0,0,0,0,0,0,0,0,0,0,0,0,0,0,0,0,0	//Water Drop 
8406,0,0,80,0,0,0,99,0,0,none,0,0,0,0,0,0,0,0,0,0,0,0,0,0,0,0,0,0,0,0,0	//Water Barrier 
8407,0,0,40,0,0,0,99,0,0,none,0,0,0,0,0,0,0,0,0,0,0,0,0,0,0,0,0,0,0,0,0	//Wind Step 
8408,0,0,60,0,0,0,99,0,0,none,0,0,0,0,0,0,0,0,0,0,0,0,0,0,0,0,0,0,0,0,0	//Wind Curtain 
8409,0,0,80,0,0,0,99,0,0,none,0,0,0,0,0,0,0,0,0,0,0,0,0,0,0,0,0,0,0,0,0	//Zephyr 
8410,0,0,40,0,0,0,99,0,0,none,0,0,0,0,0,0,0,0,0,0,0,0,0,0,0,0,0,0,0,0,0	//Solid Skin 
8411,0,0,60,0,0,0,99,0,0,none,0,0,0,0,0,0,0,0,0,0,0,0,0,0,0,0,0,0,0,0,0	//Stone Shield 
8412,0,0,80,0,0,0,99,0,0,none,0,0,0,0,0,0,0,0,0,0,0,0,0,0,0,0,0,0,0,0,0	//Power of Gaia 
8413,0,0,1,0,0,0,99,0,0,none,0,0,0,0,0,0,0,0,0,0,0,0,0,0,0,0,0,0,0,0,0	//Pyrotechnic 
8414,0,0,1,0,0,0,99,0,0,none,0,0,0,0,0,0,0,0,0,0,0,0,0,0,0,0,0,0,0,0,0	//Heater 
8415,0,0,1,0,0,0,99,0,0,none,0,0,0,0,0,0,0,0,0,0,0,0,0,0,0,0,0,0,0,0,0	//Tropic 
8416,0,0,1,0,0,0,99,0,0,none,0,0,0,0,0,0,0,0,0,0,0,0,0,0,0,0,0,0,0,0,0	//Aqua Play 
8417,0,0,1,0,0,0,99,0,0,none,0,0,0,0,0,0,0,0,0,0,0,0,0,0,0,0,0,0,0,0,0	//Cooler 
8418,0,0,1,0,0,0,99,0,0,none,0,0,0,0,0,0,0,0,0,0,0,0,0,0,0,0,0,0,0,0,0	//Cool Air 
8419,0,0,1,0,0,0,99,0,0,none,0,0,0,0,0,0,0,0,0,0,0,0,0,0,0,0,0,0,0,0,0	//Gust 
8420,0,0,1,0,0,0,99,0,0,none,0,0,0,0,0,0,0,0,0,0,0,0,0,0,0,0,0,0,0,0,0	//Blast 
8421,0,0,1,0,0,0,99,0,0,none,0,0,0,0,0,0,0,0,0,0,0,0,0,0,0,0,0,0,0,0,0	//Wild Storm 
8422,0,0,1,0,0,0,99,0,0,none,0,0,0,0,0,0,0,0,0,0,0,0,0,0,0,0,0,0,0,0,0	//Petrology 
8423,0,0,1,0,0,0,99,0,0,none,0,0,0,0,0,0,0,0,0,0,0,0,0,0,0,0,0,0,0,0,0	//Cursed Soil 
8424,0,0,1,0,0,0,99,0,0,none,0,0,0,0,0,0,0,0,0,0,0,0,0,0,0,0,0,0,0,0,0	//Upheaval 
8425,0,0,40,0,0,0,99,0,0,none,0,0,0,0,0,0,0,0,0,0,0,0,0,0,0,0,0,0,0,0,0	//Fire Arrow 
8426,0,0,60,0,0,0,99,0,0,none,0,0,0,0,0,0,0,0,0,0,0,0,0,0,0,0,0,0,0,0,0	//Fire Bomb 
8427,0,0,1,0,0,0,99,0,0,none,0,0,0,0,0,0,0,0,0,0,0,0,0,0,0,0,0,0,0,0,0	//Fire Bomb Attack 
8428,0,0,80,0,0,0,99,0,0,none,0,0,0,0,0,0,0,0,0,0,0,0,0,0,0,0,0,0,0,0,0	//Fire Wave 
8429,0,0,1,0,0,0,99,0,0,none,0,0,0,0,0,0,0,0,0,0,0,0,0,0,0,0,0,0,0,0,0	//Fire Wave Attack 
8430,0,0,40,0,0,0,99,0,0,none,0,0,0,0,0,0,0,0,0,0,0,0,0,0,0,0,0,0,0,0,0	//Ice Needle 
8431,0,0,60,0,0,0,99,0,0,none,0,0,0,0,0,0,0,0,0,0,0,0,0,0,0,0,0,0,0,0,0	//Water Screw 
8432,0,0,1,0,0,0,99,0,0,none,0,0,0,0,0,0,0,0,0,0,0,0,0,0,0,0,0,0,0,0,0	//Water Screw Attack 
8433,0,0,80,0,0,0,99,0,0,none,0,0,0,0,0,0,0,0,0,0,0,0,0,0,0,0,0,0,0,0,0	//Tidal Weapon 
8434,0,0,40,0,0,0,99,0,0,none,0,0,0,0,0,0,0,0,0,0,0,0,0,0,0,0,0,0,0,0,0	//Wind Slasher 
8435,0,0,60,0,0,0,99,0,0,none,0,0,0,0,0,0,0,0,0,0,0,0,0,0,0,0,0,0,0,0,0	//Hurricane Rage 
8436,0,0,1,0,0,0,99,0,0,none,0,0,0,0,0,0,0,0,0,0,0,0,0,0,0,0,0,0,0,0,0	//Hurricane Rage Attack 
8437,0,0,80,0,0,0,99,0,0,none,0,0,0,0,0,0,0,0,0,0,0,0,0,0,0,0,0,0,0,0,0	//Typhoon Missile 
8438,0,0,1,0,0,0,99,0,0,none,0,0,0,0,0,0,0,0,0,0,0,0,0,0,0,0,0,0,0,0,0	//Typhoon Missile Attack 
8439,0,0,40,0,0,0,99,0,0,none,0,0,0,0,0,0,0,0,0,0,0,0,0,0,0,0,0,0,0,0,0	//Stone Hammer 
8440,0,0,60,0,0,0,99,0,0,none,0,0,0,0,0,0,0,0,0,0,0,0,0,0,0,0,0,0,0,0,0	//Rock Launcher 
8441,0,0,1,0,0,0,99,0,0,none,0,0,0,0,0,0,0,0,0,0,0,0,0,0,0,0,0,0,0,0,0	//Rock Launcher Attack 
8442,0,0,80,0,0,0,99,0,0,none,0,0,0,0,0,0,0,0,0,0,0,0,0,0,0,0,0,0,0,0,0	//Stone Rain 