48
49
50
51
53
55
58
61
64
68
72
77
82
87
93
99
106
113
120
128
136
145
154
163
173
183
194
205
216
228
240
253
266
279
293
307
322
337
352
368
384
401
418
435
453
471
490
509
528
548
568
589
610
631
653
675
698
721
744
768
792
817
842
867
893
919
946
973
1000
1028
1056
1085
1114
1143
1173
1203
1234
1265
1296
1328
1360
1393
1426
1459
1493
1527
1562
1597
1632
1668
1704
1741
1778
1815
1853
1891
1930
1969
2008
2048
2088
2129
2170
2211
2253
2295
2338
2381
2424
2468
2512
2557
2602
2647
2693
2739
2786
2833
2880
2928
2976
3025
3074
3123
3173
3223
3274
3325
3376
3428
3480
3533
3586
3639
3693
3747
3802
3857
3912
3968
4024
4081
4138
4195
4253
4311
4370
4429
4488
4548
4608
4669
4730
4791
4853
4915
4978
5041
5104
5168
5232
5297
5362
5427
5493
5559
5626
5693
5760
5828
5896
5965
6034
6103
6173
6243
6314
6385
6456
6528
6600
6673
6746
6819
6893
6967
7042
7117
7192
7268
7344
7421
7498
7575
7653
7731
7810
7889
7968
8048
8128
8209
8290
8371
8453
8535
8618
8701
8784
8868
8952
9037
9122
9207
9293
9379
9466
9553
9640
9728
9816
9905
9994
10083
10173
10263
10354
10445
10536
10628
10720
10813
10906
10999
11093
11187
11282
11377
11472
11568
11664
11761
11858
11955
12053
12151
12250
12349
12448
12548
12648
12749
12850
12951
13053
13155
13258
13361
13464
13568
13672
13777
13882
13987
14093
14199
14306
14413
14520
14628
14736
14845
14954
15063
15173
15283
15394
15505
15616
15728
15840
15953
16066
16179
16293
16407
16522
16637
16752
16868
16984
17101
17218
17335
17453
17571
17690
17809
17928
18048
18168
18289
18410
18531
18653
18775
18898
19021
19144
19268
19392
19517
19642
19767
19893
20019
20146
20273
20400
20528
20656
20785
20914
21043
21173
21303
21434
21565
21696
21828
21960
22093
22226
22359
22493
22627
22762
22897
23032
23168
23304
23441
23578
23715
23853
23991
24130
24269
24408
24548
24688
24829
24970
25111
25253
25395
25538
25681
25824
25968
26112
26257
26402
26547
26693
26839
26986
27133
27280
27428
27576
27725
27874
28023
28173
28323
28474
28625
28776
28928
29080
29233
29386
29539
29693
29847
30002
30157
30312
30468
30624
30781
30938
31095
31253
31411
31570
31729
31888
32048
32208
32369
32530
32691
32767
32767
32767
32767
32767
32767
32767
32767
32767
32767
32767
32767
32767
32767
32767
32767
32767
32767
32767
32767
32767
32767
32767
32767
32767
32767
32767
32767
32767
32767
32767
32767
32767
32767
32767
32767
32767
32767
32767
32767
32767
32767
32767
32767
32767
32767
32767
32767
32767
32767
32767
32767
32767
32767
32767
32767
32767
32767
32767
32767
32767
32767
32767
32767
32767
32767
32767
32767
32767
32767
32767
32767
32767
32767
32767
32767
32767
32767
32767
32767
32767
32767
32767
32767
32767
32767
32767
32767
32767
32767
32767
32767
32767
32767
32767
32767
32767
32767
32767
32767
32767
32767
32767
32767
32767
32767
32767
32767
32767
32767
32767
32767
32767
32767
32767
32767
32767
32767
32767
32767
32767
32767
32767
32767
32767
32767
32767
32767
32767
32767
32767
32767
32767
32767
32767
32767
32767
32767
32767
32767
32767
32767
32767
32767
32767
32767
32767
32767
32767
32767
32767
32767
32767
32767
32767
32767
32767
32767
32767
32767
32767
32767
32767
32767
32767
32767
32767
32767
32767
32767
32767
32767
32767
32767
32767
32767
32767
32767
32767
32767
32767
32767
32767
32767
32767
32767
32767
32767
32767
32767
32767
32767
32767
32767
32767
32767
32767
32767
32767
32767
32767
32767
32767
32767
32767
32767
32767
32767
32767
32767
32767
32767
32767
32767
32767
32767
32767
32767
32767
32767
32767
32767
32767
32767
32767
32767
32767
32767
32767
32767
32767
32767
32767
32767
32767
32767
32767
32767
32767
32767
32767
32767
32767
32767
32767
32767
32767
32767
32767
32767
32767
32767
32767
32767
32767
32767
32767
32767
32767
32767
32767
32767
32767
32767
32767
32767
32767
32767
32767
32767
32767
32767
32767
32767
32767
32767
32767
32767
32767
32767
32767
32767
32767
32767
32767
32767
32767
32767
32767
32767
32767
32767
32767
32767
32767
32767
32767
32767
32767
32767
32767
32767
32767
32767
32767
32767
32767
32767
32767
32767
32767
32767
32767
32767
32767
32767
32767
32767
32767
32767
32767
32767
32767
32767
32767
32767
32767
32767
32767
32767
32767
32767
32767
32767
32767
32767
32767
32767
32767
32767
32767
32767
32767
32767
32767
32767
32767
32767
32767
32767
32767
32767
32767
32767
32767
32767
32767
32767
32767
32767
32767
32767
32767
32767
32767
32767
32767
32767
32767
32767
32767
32767
32767
32767
32767
32767
32767
32767
32767
32767
32767
32767
32767
32767
32767
32767
32767
32767
32767
32767
32767
32767
32767
32767
32767
32767
32767
32767
32767
32767
32767
32767
32767
32767
32767
32767
32767
32767
32767
32767
32767
32767
32767
32767
32767
32767
32767
32767
32767
32767
32767
32767
32767
32767
32767
32767
32767
32767
32767
32767
32767
32767
32767
32767
32767
32767
32767
32767
32767
32767
32767
32767
32767
32767
32767
32767
32767
32767
32767
32767
32767
32767
32767
32767
32767
32767
32767
32767
32767
32767
32767
32767
32767
32767
32767
32767
32767
32767
32767
32767
32767
32767
32767
32767
32767
32767
32767
32767
32767
32767
32767
32767
32767
32767
32767
32767
32767
32767
32767
32767
32767
32767
32767
32767
32767
32767
32767
32767
32767
32767
32767
32767
32767
32767
32767
32767
32767
32767
32767
32767
32767
32767
32767
32767
32767
32767
32767
32767
32767
32767
32767
32767
32767
32767
32767
32767
32767
32767
32767
32767
32767
32767
32767
32767
32767
32767
32767
32767
32767
32767
32767
32767
32767
32767
32767
32767
32767
32767
32767
32767
32767
32767
32767
32767
32767
32767
32767
32767
32767
32767
32767
32767
32767
32767
32767
32767
32767
32767
32767
32767
32767
32767
32767
32767
32767
32767
32767
32767
32767
32767
32767
32767
32767
32767
32767
32767
32767
32767
32767
32767
32767
32767
32767
32767
32767
32767
32767
32767
32767
32767
32767
32767
32767
32767
32767
32767
32767
32767
32767
32767
32767
32767
32767
32767
32767
32767
32767
32767
32767
32767
32767
32767
32767
32767
32767
32767
32767
32767
32767
32767
32767
32767
32767
32767
32767
32767
32767
32767
32767
32767
32767
32767
32767
32767
32767
32767
32767
32767
32767
32767
32767
32767
32767
32767
32767
32767
32767
32767
32767
32767
32767
32767
32767
32767
32767
32767
32767
32767
32767
32767
32767
32767
32767
32767
32767
32767
32767
32767
32767
32767
32767
32767
32767
32767
32767
32767
32767
32767
32767
32767
32767
32767
32767
32767
32767
32767
32767
32767
32767
32767
32767
32767
32767
32767
32767
32767
32767
32767
32767
32767
32767
32767
32767
32767
32767
32767
32767
32767
32767
32767
32767
32767
32767
32767
32767
32767
32767
32767
32767
32767
32767
32767
32767
32767
32767
32767
32767
32767
32767
32767
32767
32767
32767
32767
32767
32767
32767
32767
32767
32767
32767
32767
32767
32767
32767
32767
32767
32767
32767
32767
32767
32767
32767
32767
32767
32767
32767
32767
32767
32767
32767
32767
32767
32767
32767
32767
32767
32767
32767
32767
32767
32767
32767
32767
32767
32767
32767
32767
32767
32767
32767
32767
32767
32767
32767
32767
32767
32767
32767
32767
32767
32767
32767
32767
32767
32767
32767
32767
32767
32767
32767
32767
32767
32767
32767
32767
32767
32767
32767
32767
32767
32767
32767
32767
32767
32767
32767
32767
32767
32767
32767
32767
32767
32767
32767
32767
32767
32767
32767
32767
32767
32767
32767
32767
32767